#OK
#SQL= select p.* from MDR1..FOFParticles f, MDR1..particles p where f.fofParticleId like '85000148138_%' and f.particleId = p.particleId order by f.fofParticleId asc
#MAXROWS UNLIMITED
#QUERYTIMEOUT 2400 sec
#DATE 2013-10-08 15:52:12.958 CEST
#QUERYTIME 294 millisec
#COLUMN 1 name=particleId JDBC_TYPE=-5 JDBC_TYPENAME=bigint
#COLUMN 2 name=snapnum JDBC_TYPE=5 JDBC_TYPENAME=smallint
#COLUMN 3 name=x JDBC_TYPE=7 JDBC_TYPENAME=real
#COLUMN 4 name=y JDBC_TYPE=7 JDBC_TYPENAME=real
#COLUMN 5 name=z JDBC_TYPE=7 JDBC_TYPENAME=real
#COLUMN 6 name=vx JDBC_TYPE=7 JDBC_TYPENAME=real
#COLUMN 7 name=vy JDBC_TYPE=7 JDBC_TYPENAME=real
#COLUMN 8 name=vz JDBC_TYPE=7 JDBC_TYPENAME=real
#COLUMN 9 name=phkey JDBC_TYPE=4 JDBC_TYPENAME=int
particleId,snapnum,x,y,z,vx,vy,vz,phkey
854411384251,85,515.2596,502.9276,515.0313,-597.8634,218.3101,100.4574,752575928
854411384252,85,515.1133,503.301,515.065,-461.7393,405.8636,124.2233,752575935
854411384253,85,515.1376,503.5586,515.2373,-16.9095,-29.9812,42.0177,752575935
854411384261,85,515.297,503.0329,514.7156,-644.1389,105.7109,245.3715,752575935
854412432828,85,515.181,503.6305,515.4159,-542.0684,247.4347,-331.0839,752575935
854412432837,85,515.1641,503.6155,515.3719,-588.6157,269.6298,-283.3,752575935
854412432847,85,515.1638,503.5696,515.3447,-1012.9342,-93.9202,-78.1493,752575935
854412432848,85,515.0329,503.0981,515.3512,-628.0623,-758.3586,-177.2343,752575935
854412432856,85,515.4212,503.5048,515.2166,-1106.0253,-301.2132,86.6104,752575935
854412449219,85,515.1456,503.0749,515.3838,-254.5359,-669.8898,-414.4321,752575935
854412449233,85,515.2099,503.65,515.1514,-740.785,-774.8048,149.5683,752575935
854412449241,85,515.7101,503.6886,515.0187,-919.186,-404.2907,163.6225,752572992
854413481403,85,515.2015,503.5874,515.4345,-510.7238,243.081,-395.7126,752575935
854413481413,85,515.1863,503.6382,515.4388,-575.824,201.3986,-400.7963,752575935
854413481440,85,514.796,503.4565,514.896,-728.5558,-402.6219,-690.6508,752575935
854413497778,85,515.2646,503.1165,515.4111,-157.6535,-531.4532,-468.9536,752575935
854413497781,85,515.2147,503.1685,515.3641,-151.1906,-677.0141,-317.5762,752575935
854413497812,85,515.0729,503.0675,515.3918,-241.9725,-669.8895,-347.3398,752575935
854414529968,85,515.2562,503.3052,515.0331,-105.2553,-148.5412,-100.2674,752575935
854414529976,85,515.0709,503.4066,514.7506,-345.217,-580.2354,81.2019,752575935
854414529984,85,514.846,503.1259,514.9093,-623.0474,-508.9072,-301.2212,752575935
854414529991,85,515.4478,503.1091,514.7599,-986.67,-310.6775,-331.3545,752575935
854414529992,85,515.067,503.4611,514.8915,-846.9843,-887.5749,-229.9139,752575935
854414530000,85,515.4377,503.5635,515.0646,-230.6758,-439.173,140.4688,752575935
854414546337,85,515.2914,503.2531,515.3103,-102.6113,-514.3334,-576.3885,752575935
854414546346,85,515.2769,503.3517,514.8732,163.7884,99.6156,-455.4169,752575935
854414546347,85,515.0734,503.4386,514.9091,-810.4294,-684.659,83.7409,752575935
854414546348,85,515.0466,503.498,514.8462,-1036.6583,-628.5812,-84.5165,752575935
854414546354,85,514.9713,503.172,514.9626,-468.6608,-586.5724,-208.7142,752575935
854414546355,85,515.0966,503.4641,514.8732,-1016.9142,-708.0959,16.3636,752575935
854414546356,85,515.3467,503.5851,514.7194,-1108.0096,-191.8783,-140.5243,752575935
854414546362,85,515.3937,503.6364,514.8442,-509.1591,-87.3219,-299.2386,752575935
854414546375,85,514.8657,503.6182,515.2167,-338.0845,-710.2373,39.1195,752575935
854414546378,85,515.2487,503.5424,514.8864,-270.7732,494.9713,-232.3447,752575935
854414546387,85,515.2234,503.5089,514.863,-81.6064,507.6445,-125.7764,752575935
854414546388,85,515.4792,503.3681,514.8255,-1087.8379,-232.9421,-167.3893,752575935
854415578528,85,515.5207,503.2907,515.1935,-231.4274,-515.6214,-695.3243,752575935
854415578536,85,515.2993,503.3152,515.0254,-151.7293,-427.2866,-778.7883,752575935
854415578542,85,515.7787,503.4576,514.7983,-828.1364,-20.5357,-369.5624,752572992
854415578543,85,515.2672,503.5316,514.7919,-1218.447,-135.7077,74.5122,752575935
854415578550,85,515.7899,503.4887,514.8065,-809.3355,-20.7757,-348.6217,752572992
854415578551,85,515.2138,503.1424,515.0818,-206.4748,-222.3291,-614.5035,752575935
854415578552,85,514.9743,503.1187,515.0577,-240.7546,-438.1308,-280.4067,752575935
854415578558,85,514.9438,503.4625,514.9069,-707.4448,225.5328,-274.7782,752575935
854415578559,85,515.1426,503.2057,515.0012,-41.0607,-125.2423,-385.5179,752575935
854415578560,85,515.0966,503.625,514.8585,-988.5383,-541.0503,-52.4068,752575935
854415578567,85,515.3462,503.3283,515.1812,-170.8398,-440.3036,-546.8132,752575935
854415578568,85,514.9928,503.3701,514.8171,-837.637,33.7333,-314.8764,752575935
854415594914,85,515.1423,503.4117,514.8779,-1064.3739,-862.97,-465.243,752575935
854415594915,85,516.119,503.4359,514.7792,-718.0092,-223.9675,-330.9964,752572992
854415594921,85,515.1177,503.4591,514.8428,-1008.2857,-643.926,155.2757,752575935
854415594922,85,515.11,503.482,514.8615,-1006.7747,-683.9717,128.4598,752575935
854415594923,85,515.1005,503.4422,514.8932,-824.3983,-768.6871,94.1477,752575935
854415594924,85,515.1578,503.5309,514.8183,-1166.2386,-594.6496,-26.5454,752575935
854415594925,85,515.3082,503.4406,514.8675,-248.8775,375.319,-637.6817,752575935
854415594929,85,515.0004,503.3098,514.9576,-742.7573,-670.3246,-80.133,752575935
854415594930,85,515.2462,503.6022,514.7215,-1068.7805,-543.118,-104.8484,752575935
854415594931,85,515.0773,503.4624,514.876,-946.6901,-679.3636,41.8827,752575935
854415594932,85,515.1432,503.5232,514.8535,-1089.6938,-682.5014,38.4528,752575935
854415594937,85,514.788,503.3718,514.812,-562.6563,-393.9233,-309.083,752575935
854415594938,85,515.6967,503.4819,514.8705,-920.7353,-153.6664,-236.1784,752572992
854415594939,85,515.1885,503.605,514.7926,-1161.5583,-438.8912,-103.92,752575935
854415594940,85,514.9802,503.2504,514.9439,-426.2486,-682.4432,-44.8028,752575935
854415594945,85,515.6509,503.4973,515.0116,-774.3626,-586.1369,-194.1437,752572992
854415594946,85,515.3917,503.4925,515.0133,-83.6116,129.0438,-190.7615,752575935
854415594947,85,515.0783,503.3516,515.0292,-787.4758,-540.0752,36.3514,752575935
854415594953,85,515.6524,503.5276,514.9255,-729.4062,-582.7393,-251.7457,752572992
854415594955,85,515.6945,503.7553,514.9437,-537.1299,-546.0495,-235.3619,752572992
854415594956,85,515.2178,503.4162,514.8878,-1473.6018,-93.2204,87.2857,752575935
854415594959,85,515.0417,502.9596,515.1122,-613.7108,-708.4356,-505.3701,752575935
854415594961,85,515.1516,503.3379,514.5936,-425.8008,227.7201,-4.9378,752575932
854415594962,85,515.5022,503.6703,514.8402,-664.3003,-706.2368,-181.8706,752575935
854415594964,85,515.1306,503.5162,514.7502,57.2329,70.8939,8.0912,752575935
854415594965,85,514.9526,503.5847,514.488,-202.1818,-154.744,-65.3658,752575932
854454375846,85,515.3546,503.1214,515.0207,-935.0593,-34.0518,-162.0607,752575935
854454375847,85,515.1967,503.6451,514.8096,-757.8522,-302.5454,-218.3574,752575935
854454375848,85,515.2486,503.3893,514.5782,-978.5783,8.2553,-217.0365,752575932
854454375855,85,515.2614,503.159,515.0065,-203.0469,-105.4512,-609.2255,752575935
854454375856,85,515.2498,503.6302,514.795,-833.0587,-55.1658,-186.3098,752575935
854454375862,85,515.2075,503.218,515.2401,-235.5546,-366.8574,-482.55,752575935
854454375863,85,515.3599,503.401,514.8231,-473.131,348.1803,-456.1231,752575935
854454375864,85,515.2378,503.1372,515.0447,-214.9784,-88.5859,-559.861,752575935
854454375870,85,515.1503,503.6876,514.8187,-1060.042,-445.9263,-154.4429,752575935
854454375871,85,515.2391,503.1584,515.045,-129.2402,-176.1255,-522.5989,752575935
854454375879,85,514.9525,503.4345,514.9239,-683.9192,-756.0549,-196.0335,752575935
854454375888,85,515.5046,503.3058,515.0543,-854.9365,-639.2545,-316.8169,752575935
854454375896,85,515.4913,503.6516,514.654,-166.8737,-166.2379,46.1115,752575935
854454392233,85,514.9272,503.1183,514.9892,-472.3109,-498.8355,-192.6492,752575935
854454392235,85,515.0783,503.4034,514.9083,-756.2238,-747.4182,59.9964,752575935
854454392236,85,515.1183,503.4636,514.8705,-970.9547,-791.4333,42.7337,752575935
854454392237,85,515.3597,503.5484,514.7361,-1130.4813,-368.3681,-112.5471,752575935
854454392241,85,515.1994,503.3334,515.0557,-194.5886,-109.4068,-264.7552,752575935
854454392242,85,515.2266,503.3463,514.9191,74.2847,156.1142,-330.6851,752575935
854454392243,85,515.1124,503.452,514.8873,-888.1174,-779.6801,78.3872,752575935
854454392244,85,515.1049,503.4687,514.8633,-932.9572,-748.0074,53.057,752575935
854454392245,85,515.1276,503.5129,514.824,-930.6439,-794.0513,-34.4181,752575935
854454392249,85,515.6539,503.4515,515.0362,-514.9896,-589.1146,-259.4928,752572992
854454392250,85,515.6154,503.6126,515.1462,-500.3216,-624.4659,-239.5395,752575935
854454392251,85,515.5901,503.5211,514.807,-1017.2268,-214.5081,-176.9644,752575935
854454392252,85,515.2778,503.5435,514.8148,-1208.2395,-454.2494,-57.9333,752575935
854454392253,85,515.794,503.417,514.8588,-826.0207,-85.3235,-235.9015,752572992
854454392257,85,515.136,503.3516,514.9344,-1088.3678,-19.7441,-497.5698,752575935
854454392258,85,515.0945,503.3104,514.8595,-1048.9752,-302.4033,-369.5947,752575935
854454392259,85,515.1507,503.4513,514.8468,184.6006,-431.3986,-221.0107,752575935
854454392260,85,515.6955,503.6826,515.024,-499.9944,-607.4813,-232.7327,752572992
854454392265,85,514.9438,503.116,515.0451,-506.1793,-300.4388,-346.1955,752575935
854454392266,85,514.8735,503.3494,514.7622,-607.9581,-72.003,-269.5274,752575935
854454392267,85,514.8502,503.3202,514.7733,-581.7042,-97.1608,-341.8509,752575935
854454392268,85,515.4788,503.5769,514.8865,-782.1324,-792.8324,-118.3359,752575935
854454392270,85,515.3119,503.5618,514.7439,-87.2828,-365.2103,274.5954,752575935
854454392272,85,515.3949,503.3705,515.4177,-891.1716,-669.7695,-263.0697,752575935
854454392273,85,515.4402,503.2694,514.89,-386.2949,-593.6808,-368.3689,752575935
854454392274,85,515.1243,503.2873,514.8538,-1061.4249,-205.6582,-446.4525,752575935
854454392275,85,515.6567,503.7966,514.9604,-572.6578,-623.8492,-208.2707,752572992
854454392276,85,515.0661,503.439,514.7241,-94.5985,247.1721,-68.9536,752575935
854454392279,85,515.3077,503.2212,515.493,-865.2144,-548.2072,-434.9515,752575935
854454392281,85,514.8969,503.3937,514.7375,-674.4062,-29.3627,-357.4294,752575935
854454392282,85,515.2275,503.3423,514.9847,-747.4759,-608.0825,375.0945,752575935
854454392284,85,515.6511,503.427,515.0698,-312.4019,-521.5611,-194.8598,752572992
854454392285,85,515.1044,503.1635,515.397,-815.1867,-539.2295,-561.1236,752575935
854454392291,85,515.0001,503.0587,515.4077,-742.9792,-406.8072,-656.1047,752575935
854455424408,85,515.1685,503.5525,515.3879,-55.4644,-477.6042,-404.1688,752575935
854455424423,85,515.0535,503.1925,515.1932,-244.9891,-422.9574,-428.6704,752575935
854455424424,85,515.1601,503.1711,515.1638,-162.4545,-358.8991,-458.2824,752575935
854455424430,85,515.3668,503.4583,514.8004,-664.0207,275.8925,-376.1481,752575935
854455424431,85,515.2713,503.1873,514.9873,-162.7506,-77.9976,-604.9808,752575935
854455424432,85,515.2945,503.5579,514.7911,-840.0554,114.3914,-153.1574,752575935
854455424438,85,515.192,503.0995,515.0923,-162.6632,-309.9086,-489.4984,752575935
854455424439,85,515.31,503.2384,514.9433,-224.7372,44.4988,-637.951,752575935
854455424446,85,515.0016,503.4331,514.9837,-768.3655,-699.287,-49.8715,752575935
854455424447,85,515.1379,503.6011,514.7719,-842.2215,-441.6758,-242.1987,752575935
854455424448,85,515.6544,503.5051,515.0235,-570.2586,-606.5536,-286.7729,752572992
854455424454,85,515.0762,503.2254,514.6245,-142.5628,-481.2893,72.525,752575932
854455424455,85,515.2112,503.6221,514.8444,-787.8116,-22.4348,-179.8278,752575935
854455424456,85,515.0408,503.6234,514.6801,-172.6982,72.5512,-31.5127,752575935
854455424462,85,515.5167,503.6086,515.6041,-717.1954,-9.4767,-532.2509,752575935
854455424463,85,515.4769,503.6625,515.1216,-811.1223,-166.1993,-301.3302,752575935
854455424464,85,515.2226,503.2058,514.9474,-981.9479,-608.0609,-406.246,752575935
854455424472,85,515.2729,503.454,514.955,-842.3912,-311.4008,-367.5312,752575935
854455424488,85,514.8511,503.386,514.5787,-280.7248,-497.7634,-672.8315,752575932
854455440794,85,515.2709,503.5664,514.8411,-1128.5424,-651.5631,-133.9434,752575935
854455440803,85,515.7466,503.3631,514.785,-825.3875,-87.0067,-333.6965,752572992
854455440804,85,515.1852,503.6512,514.7519,-1034.4814,-470.5713,-107.9018,752575935
854455440809,85,515.4851,503.5435,514.8472,-1139.901,-167.4278,-241.9,752575935
854455440810,85,515.0789,503.1677,514.9774,-308.8369,-176.7967,-236.0144,752575935
854455440811,85,515.1044,503.4913,514.8392,-829.4639,-731.7471,86.7676,752575935
854455440812,85,515.1823,503.5572,514.8055,-1112.6295,-644.8238,-74.1528,752575935
854455440813,85,514.9996,503.3616,514.9908,-590.5242,-686.265,-87.9254,752575935
854455440817,85,515.6603,503.4718,515.0088,-592.3357,-579.6421,-215.7924,752572992
854455440818,85,515.5982,503.6486,514.9359,-463.8731,-548.4749,-260.7393,752575935
854455440819,85,515.1404,503.5396,514.8579,-1072.2793,-670.8951,-21.4,752575935
854455440820,85,515.1356,503.5224,514.8434,-1090.9299,-694.9417,-27.9371,752575935
854455440821,85,514.9587,503.1654,514.9849,-516.9198,-570.2237,-267.3059,752575935
854455440822,85,515.0471,503.4394,514.9346,-1072.6855,-354.2168,-166.9326,752575935
854455440823,85,515.581,503.4262,514.6754,-912.0751,-138.6137,-84.613,752575935
854455440826,85,515.6577,503.669,515.0617,-502.143,-570.2444,-221.4984,752572992
854455440827,85,515.4721,503.3897,514.9684,-941.0682,-658.501,-341.7546,752575935
854455440828,85,515.5567,503.4225,515.0024,-828.941,-641.7262,-287.3224,752575935
854455440829,85,515.5846,503.6049,515.0818,-397.3564,-666.0055,-215.1851,752575935
854455440830,85,515.096,503.6153,515.0154,-296.8856,-740.7916,-373.8176,752575935
854455440833,85,515.5553,503.3372,515.0334,-741.8192,-546.3303,-325.4277,752575935
854455440834,85,515.3086,503.4041,514.8998,-1046.1248,-1129.1782,-253.1564,752575935
854455440835,85,514.9843,503.5531,514.7714,-239.0796,-265.0009,-233.6507,752575935
854455440836,85,515.329,503.4129,514.902,-18.8503,-153.4547,281.4978,752575935
854455440837,85,515.3934,503.525,514.8912,-216.3233,35.2454,-45.8417,752575935
854455440839,85,514.9469,503.0547,515.3977,-381.5535,-161.3301,-580.8682,752575935
854455440841,85,515.3677,503.4376,514.7296,-35.3152,-179.5687,-408.7076,752575935
854455440842,85,514.8538,503.3714,514.8536,-741.355,-207.6309,-336.7463,752575935
854455440843,85,515.0025,503.6093,514.7488,-281.744,-236.81,-253.92,752575935
854455440844,85,515.3483,503.4072,514.9244,-309.2524,-296.5307,389.9901,752575935
854455440845,85,515.3208,503.5889,515.1615,-449.3382,-694.3792,-430.8932,752575935
854455440848,85,515.3165,503.1779,515.4409,-874.584,-573.5453,-361.8454,752575935
854455440849,85,515.389,503.4887,515.0411,-699.2766,-317.9944,-665.1807,752575935
854455440850,85,515.3488,503.5464,515.0848,-518.1788,-496.2862,-597.0671,752575935
854455440851,85,515.1282,503.3405,514.8812,-1158.5525,-213.2772,-423.4908,752575935
854455440852,85,515.2587,503.5048,514.9562,-355.6529,-1007.8992,-560.7849,752575935
854455440854,85,515.4045,503.499,514.9292,-47.3286,-565.0291,238.9999,752575935
854455440857,85,515.231,503.382,514.908,-626.1407,48.0699,148.9585,752575935
854455440858,85,515.2781,503.463,515.0142,-484.5583,-294.719,130.4379,752575935
854455440859,85,515.3357,503.4194,515.1605,-732.6768,-293.8845,-254.3446,752575935
854456472984,85,515.61,503.3379,514.9696,-308.7201,-451.9024,-749.2518,752575935
854456472992,85,515.0859,503.3024,514.8762,32.3882,-470.6185,-419.7472,752575935
854456472997,85,514.9106,503.649,515.2775,-111.7127,-26.6183,-440.3304,752575935
854456472999,85,515.3738,503.737,514.8188,-583.75,-210.1926,-266.0612,752575935
854456473000,85,515.4072,503.3321,514.8857,-366.4275,159.1096,-586.5704,752575935
854456473006,85,515.4003,503.5602,514.8153,-846.8937,28.4762,-448.9897,752575935
854456473007,85,515.4153,503.5973,514.8077,-661.9667,79.3064,-326.6589,752575935
854456473008,85,515.1314,503.1292,515.0816,-143.9631,-170.9369,-413.502,752575935
854456473014,85,515.1699,503.327,514.8548,-289.9182,-489.4784,282.6727,752575935
854456473015,85,515.2813,503.5983,514.8152,-818.1143,33.9821,-301.1482,752575935
854456473016,85,515.2232,503.5947,514.7206,-832.7782,-336.9001,-524.7235,752575935
854456473022,85,515.09,503.5853,514.8683,-798.1901,-559.6013,201.6024,752575935
854456473023,85,515.0693,503.5445,514.9421,-935.4531,-422.9095,148.4675,752575935
854456473024,85,515.6084,503.3732,515.0084,-801.8809,-513.6442,-303.1941,752575935
854456473032,85,515.4858,503.1883,515.0694,-872.173,-501.723,-337.6768,752575935
854456473039,85,515.2807,503.3783,514.8641,-558.0488,-93.7773,210.5153,752575935
854456473040,85,515.3291,503.5205,514.8932,-214.0571,-303.8859,-444.5085,752575935
854456473048,85,515.2932,503.2089,514.8184,-252.5134,-326.0802,-350.8696,752575935
854456473055,85,515.054,503.6074,515.0033,-693.0869,-497.8447,-874.0197,752575935
854456489369,85,514.8903,503.384,514.8555,-624.3569,-641.1798,-56.5683,752575935
854456489370,85,515.0135,503.4099,514.7743,-821.328,-380.5171,-581.4908,752575935
854456489371,85,515.3521,503.782,514.6887,-973.0126,-304.4388,-247.5669,752575935
854456489378,85,515.2689,503.5157,514.8275,-1285.6265,-520.3396,8.2591,752575935
854456489379,85,515.6877,503.3245,514.8435,-890.7327,-165.7924,-302.2974,752572992
854456489380,85,515.0785,503.0867,515.1,-377.1838,-373.6189,-149.4024,752575935
854456489385,85,515.1304,503.3073,514.8372,-442.2865,-655.5261,89.8924,752575935
854456489386,85,515.6974,503.3427,514.8482,-872.1727,-87.4037,-309.3444,752572992
854456489387,85,515.2975,503.5015,514.8229,-1310.6664,-125.0617,-120.9907,752575935
854456489388,85,514.8683,503.3231,515.1014,-524.0252,-435.9707,-246.4763,752575935
854456489389,85,515.1288,503.4946,514.8192,-1088.4644,-708.4019,-35.0507,752575935
854456489393,85,515.6675,503.5918,514.9606,-283.9121,-569.9255,-105.1807,752572992
854456489394,85,515.6013,503.6457,514.9771,-161.5807,-544.8463,-122.3289,752575935
854456489396,85,515.4984,503.5824,515.176,-469.7052,-642.9581,-258.1731,752575935
854456489398,85,515.1971,503.2315,514.8845,-709.6588,-854.4216,-414.7251,752575935
854456489399,85,515.08,503.4038,514.9078,-932.4393,166.1703,67.611,752575935
854456489401,85,514.9935,503.6074,514.6863,-133.857,64.1887,-104.5318,752575935
854456489402,85,515.1124,503.4087,514.92,-1050.619,-86.785,-369.1345,752575935
854456489403,85,515.3268,503.4375,514.8398,141.0228,70.7436,-174.4725,752575935
854456489404,85,515.214,503.3641,514.8794,-832.4619,-904.1399,-463.1966,752575935
854456489405,85,515.2203,503.3959,514.9141,-232.041,5.7,-579.5574,752575935
854456489406,85,515.0787,503.3775,515.0863,-303.5578,-301.3549,-613.1109,752575935
854456489407,85,515.4247,503.4839,515.105,-978.3675,-470.9308,-289.527,752575935
854456489408,85,515.5836,503.4721,515.1832,-537.5944,-228.4079,46.8055,752575935
854456489409,85,515.0374,503.5646,514.6736,-301.5067,-211.1779,-439.0533,752575935
854456489410,85,515.2387,503.523,514.8738,60.4653,-85.1199,-548.3126,752575935
854456489411,85,515.4601,503.4657,514.9612,-879.0093,-834.405,-286.0312,752575935
854456489412,85,515.1792,503.3457,514.9258,-1275.7299,-439.612,-162.6549,752575935
854456489413,85,514.9376,503.2878,515.0153,-822.7905,-352.5248,-236.6301,752575935
854456489414,85,514.8634,503.3499,514.9226,-780.8837,-290.0144,-354.0639,752575935
854456489415,85,515.2298,503.4933,514.8918,-848.0201,-32.6066,-861.0513,752575935
854456489416,85,515.3353,503.4008,515.1587,-666.3687,-310.4195,155.218,752575935
854456489417,85,515.0831,503.4854,514.8586,-221.6529,-327.9377,-509.7638,752575935
854456489418,85,515.3702,503.4857,514.8486,-1059.8861,-583.071,-480.6026,752575935
854456489419,85,515.333,503.4629,515.1272,-497.7556,-356.6323,-694.8922,752575935
854456489420,85,515.4762,503.5227,515.0185,-573.7769,-324.3625,-303.7442,752575935
854456489421,85,515.2166,503.4888,514.9002,-1108.1327,-485.1279,-585.1902,752575935
854456489425,85,515.201,503.5413,514.8358,-146.7898,227.8394,-211.1294,752575935
854456489426,85,515.3403,503.4491,514.9222,-531.8315,-99.7866,-357.2913,752575935
854456489427,85,515.344,503.3995,515.0443,-565.9666,-213.6224,-263.6222,752575935
854456489428,85,515.3875,503.4866,514.8986,-874.7465,-679.2449,-640.8588,752575935
854456489429,85,515.2112,503.2955,514.8979,-1193.5302,-459.9071,-324.7591,752575935
854456489430,85,515.371,503.4184,514.9952,-780.2553,-869.5417,-584.2427,752575935
854456489433,85,515.1823,503.3447,514.8434,-365.4295,126.7219,191.8048,752575935
854456489434,85,515.2892,503.4057,514.8835,-692.5082,-114.2005,-491.924,752575935
854456489435,85,515.276,503.4272,514.9744,-389.9076,-319.1409,-386.2183,752575935
854456489436,85,515.1895,503.4654,514.6821,-604.8785,-129.4524,-258.079,752575935
854456489437,85,515.2666,503.26,515.1857,-857.5518,-634.3751,-322.5881,752575935
854456489441,85,515.1288,503.4417,515.1389,-900.2375,-490.4677,57.5479,752575935
854456489452,85,515.6318,503.5617,515.4341,-803.0286,-471.4662,-590.0644,752572992
854456489458,85,515.6743,503.8053,515.6046,-863.1826,-475.0381,-450.0482,752572992
854456505793,85,515.4027,503.2719,515.2865,-900.7784,-705.1138,-414.0941,752575935
854457521566,85,515.0354,503.6508,515.2399,-53.666,-53.2429,-458.7625,752575935
854457521568,85,514.8061,503.4167,514.6954,-507.8601,-463.7138,-292.3144,752575935
854457521574,85,515.6939,503.7165,514.8584,-237.8916,-476.4314,-574.4096,752572992
854457521576,85,515.447,503.3538,514.7825,-465.8389,-34.2137,-619.4559,752575935
854457521583,85,515.0341,503.5123,514.9301,-793.9031,-666.0269,79.38,752575935
854457521591,85,514.9443,503.4544,515.0159,-780.955,-599.4413,-43.1067,752575935
854457521592,85,515.3961,503.696,514.973,-34.7149,-294.4924,-33.2119,752575935
854457521599,85,515.3693,503.6182,515.2126,-467.2843,-670.6655,-165.4842,752575935
854457521600,85,514.965,503.4012,514.67,-176.4964,172.5773,-103.7383,752575935
854457521606,85,515.247,503.0975,514.7059,-202.5814,-106.723,65.1674,752575935
854457521607,85,514.9615,503.4378,514.6516,-320.1942,-27.9742,-171.6116,752575935
854457521608,85,515.2196,503.5472,514.8344,-625.6612,-211.3599,-427.3444,752575935
854457521615,85,515.2973,503.3429,514.6926,-347.3197,143.0744,-100.1577,752575935
854457521616,85,515.3508,503.4797,514.7769,105.8999,-333.8552,-320.4072,752575935
854457521624,85,515.3178,503.6895,514.8802,-558.3897,-299.4446,124.189,752575935
854457521639,85,515.3906,503.5382,515.4689,-789.5922,-222.0635,-684.6496,752575935
854457521648,85,515.0281,503.4308,514.6771,-376.5744,-467.392,-913.5013,752575935
854457537955,85,516.0707,503.4723,514.8104,-714.5385,-204.1836,-328.0903,752572992
854457537962,85,515.5942,503.4893,515.12,-598.8729,-634.9533,-233.458,752575935
854457537963,85,515.55,503.3934,515.1166,-730.6544,-646.881,-313.2637,752575935
854457537964,85,515.3429,503.2757,515.0128,-1003.2997,-497.1008,-514.7003,752575935
854457537965,85,515.5323,503.4724,515.0856,-741.9341,-750.9319,-312.9067,752575935
854457537966,85,514.9309,503.6241,515.1036,-510.4199,-114.725,-84.8013,752575935
854457537967,85,515.2797,503.2547,514.7673,-1161.008,-140.7489,-156.9509,752575935
854457537968,85,515.1058,503.3055,514.8544,-1074.4409,-111.1966,164.4311,752575935
854457537969,85,515.5557,503.2791,515.1221,-709.8677,-505.2316,-433.7999,752575935
854457537970,85,515.1584,503.4293,514.7992,-529.3209,-177.9334,-3.125,752575935
854457537971,85,514.98,503.1331,515.0342,-446.3366,-121.6844,-522.9803,752575935
854457537972,85,515.5187,503.3503,515.0363,-487.1374,-426.9062,-125.3755,752575935
854457537973,85,515.2648,503.3928,514.9739,-506.0424,-576.8856,114.3535,752575935
854457537975,85,515.2341,503.368,514.7433,-632.461,-172.1587,-263.7886,752575935
854457537976,85,515.2103,503.5082,514.9851,-1147.5182,-310.7992,-407.5627,752575935
854457537977,85,515.31,503.216,514.9899,-1025.8257,-276.2039,-398.6383,752575935
854457537978,85,515.4417,503.4673,515.0881,-649.9671,-355.2404,-306.1042,752575935
854457537979,85,515.0975,503.4077,514.808,-455.9906,-314.5889,-464.4708,752575935
854457537980,85,515.313,503.4116,514.9662,-133.5454,-580.4854,-62.0873,752575935
854457537981,85,515.1925,503.4275,514.7143,-247.2897,-51.2075,-235.9215,752575935
854457537982,85,515.0248,503.4136,514.9841,-481.8846,-328.1822,-553.4496,752575935
854457537983,85,515.2104,503.4005,514.8902,-159.7469,-1075.7161,-536.3618,752575935
854457537984,85,515.2066,503.2863,515.2513,-780.3265,-334.3434,-444.0504,752575935
854457537985,85,515.2322,503.4346,514.8394,-1098.7548,-202.0775,-74.555,752575935
854457537986,85,515.0049,503.3875,514.969,-469.4146,-91.8226,-294.0785,752575935
854457537987,85,514.912,503.3606,514.7704,-582.2341,-333.7652,-147.2382,752575935
854457537988,85,515.2507,503.4469,514.8378,-382.378,-796.5754,-479.2628,752575935
854457537989,85,515.132,503.5091,514.8089,-121.5032,-546.3082,-93.4505,752575935
854457537990,85,515.1649,503.4178,514.9175,-194.8055,-397.9738,-797.9889,752575935
854457537991,85,515.0931,503.3609,514.804,-405.9182,86.4123,-189.6989,752575935
854457537993,85,515.2536,503.4816,514.7339,-588.3906,-231.3689,-360.7183,752575935
854457537994,85,514.9964,503.4527,514.985,-714.7536,-414.7364,-10.5302,752575935
854457537995,85,515.4573,503.5402,514.8739,-875.9248,-512.5258,-451.5295,752575935
854457537996,85,515.5042,503.5514,514.9111,-780.7825,-536.7877,-521.4501,752575935
854457537997,85,514.8826,503.3394,514.9514,-597.8724,-370.8864,-204.3996,752575935
854457537998,85,515.3137,503.4877,514.7106,-441.1633,-474.8808,114.3677,752575935
854457537999,85,515.2692,503.3981,514.8486,-205.3965,-156.8242,273.5939,752575935
854457538000,85,514.8252,503.3,514.8278,-621.8649,226.4386,-490.6979,752575935
854457538001,85,515.191,503.4492,514.8331,-215.4675,-661.8239,-310.9599,752575935
854457538002,85,515.5225,503.5126,514.8174,-476.8084,-187.4905,8.0318,752575935
854457538003,85,515.2742,503.3209,514.9852,-480.724,-270.0476,-352.4634,752575935
854457538004,85,515.209,503.5126,514.7509,-464.1347,-500.319,185.1527,752575935
854457538005,85,515.2542,503.5095,514.9345,-256.5105,-291.4732,-326.3361,752575935
854457538006,85,515.1648,503.4789,514.8116,-426.2159,-397.5782,-514.7311,752575935
854457538007,85,515.5205,503.3988,515.0508,-897.8753,-606.8209,57.6496,752575935
854457538008,85,514.8824,503.0664,514.8539,-729.9902,147.2063,-515.7043,752575935
854457538009,85,515.3375,503.4443,514.9233,95.1828,-403.2667,-564.2264,752575935
854457538010,85,515.2872,503.393,514.919,-558.1698,-251.991,462.6478,752575935
854457538011,85,515.319,503.3997,514.8866,-40.4331,13.2989,-263.6335,752575935
854457538012,85,515.2756,503.3372,515.1128,-801.946,-422.009,-381.788,752575935
854457538013,85,515.3688,503.4454,514.8677,-354.8264,67.2445,164.3557,752575935
854457538014,85,515.5372,503.378,514.9682,-621.6201,-474.6157,-171.4919,752575935
854457538017,85,515.3516,503.3944,514.9775,-646.8245,-785.1772,-523.1068,752575935
854457538018,85,515.2501,503.3282,514.871,-732.7543,-108.2731,-151.5383,752575935
854457538019,85,515.4898,503.535,514.6748,-146.0215,-257.2745,-371.8618,752575935
854457538020,85,515.1663,503.528,514.8483,-606.233,-301.2473,-527.9272,752575935
854457538021,85,515.4416,503.6506,514.7206,-215.8547,-334.9056,-344.6669,752575935
854457538026,85,515.4538,503.5324,514.6135,-602.348,-223.2415,218.5497,752575932
854457538028,85,514.9111,503.1021,514.985,-452.6953,-29.647,-431.2587,752575935
854457538030,85,515.4068,503.2064,515.194,-1006.2463,-408.3242,-672.3007,752575935
854457538034,85,515.7224,503.6764,515.4483,-989.8623,-560.215,-414.5234,752572992
854457538035,85,515.6841,503.6325,515.4129,-956.3311,-457.7534,-492.7411,752572992
854457554346,85,514.9464,503.7531,514.8291,-402.3176,-783.1555,17.613,752575935
854457554362,85,515.5958,503.4363,515.2363,-888.536,-754.0331,-271.0407,752575935
854458570135,85,515.3371,503.6589,515.007,61.0869,-481.8941,-551.8451,752575935
854458570144,85,515.0579,503.5921,515.2302,-575.8013,-201.2627,61.5135,752575935
854458570150,85,515.4526,503.7211,514.9398,-53.2409,-378.2815,-611.0226,752575935
854458570151,85,515.1062,503.6367,514.9293,-606.2796,92.5556,-241.6344,752575935
854458570152,85,515.3832,503.4887,514.9056,-376.8862,-260.0403,-773.8585,752575935
854458570157,85,514.9647,503.6229,515.1933,-123.0828,77.6501,-463.0368,752575935
854458570159,85,515.0549,503.2733,514.8748,-306.231,-637.2141,-251.1227,752575935
854458570160,85,514.8781,503.3182,514.9011,-748.7098,-147.7001,-514.4839,752575935
854458570166,85,515.5289,503.519,515.0563,-666.5021,67.4577,-35.2472,752575935
854458570167,85,515.1591,503.3813,514.8234,-104.604,-95.5658,79.9201,752575935
854458570168,85,515.2847,503.4044,514.9305,-988.0933,-224.2065,-695.6937,752575935
854458570175,85,515.066,502.9767,515.0798,-625.2267,-189.9034,-340.5718,752575935
854458570176,85,515.225,503.5482,514.7672,-585.484,-180.1624,-497.602,752575935
854458570182,85,515.3348,503.1344,514.6608,-356.0945,-61.3502,100.7629,752575935
854458570183,85,515.213,503.6011,514.8655,-367.7621,-679.6299,327.2196,752575935
854458570184,85,515.2112,503.5591,514.8058,-387.117,-375.8533,-180.416,752575935
854458570191,85,515.2047,503.4519,515.2437,-838.151,-545.0551,-394.8015,752575935
854458570192,85,515.1985,503.4441,514.9725,-562.7629,-236.5782,188.8591,752575935
854458570199,85,515.5261,503.3752,514.6343,-601.7944,-90.0084,180.2919,752575932
854458570200,85,515.2422,503.4365,514.9575,-1013.2228,-183.1499,203.8566,752575935
854458570208,85,515.4998,503.315,514.536,-540.7781,-72.3562,139.4009,752575932
854458570224,85,515.1035,503.4707,515.0309,-726.3438,-272.9736,-1000.3979,752575935
854458586515,85,515.0552,503.5051,514.894,-768.3567,193.6703,-267.9315,752575935
854458586519,85,515.2507,503.2936,515.1792,131.2307,-220.9014,-443.6504,752575935
854458586521,85,514.9976,503.5107,514.8052,-890.5146,-554.8972,-3.709,752575935
854458586522,85,514.987,503.3436,515.0549,-68.1764,-356.7321,-371.6839,752575935
854458586523,85,515.1605,503.2939,514.7157,-561.9569,-592.7675,-5.1574,752575935
854458586524,85,515.2017,503.3522,515.0539,-160.9639,-99.4447,-74.5307,752575935
854458586525,85,515.1019,503.1679,515.2516,-363.2072,-297.1031,-407.4753,752575935
854458586526,85,515.8906,503.4826,514.7941,-809.1556,-456.848,-245.0913,752572992
854458586529,85,515.6595,503.5881,515.01,-534.8835,-568.3987,-173.4345,752572992
854458586530,85,515.4584,503.391,515.0228,-930.9188,-661.2525,-287.2551,752575935
854458586531,85,514.8337,503.2738,514.9234,-443.3444,-327.1587,-369.7395,752575935
854458586532,85,515.1503,503.3569,514.8392,121.2127,-39.1782,-521.1119,752575935
854458586533,85,515.4332,503.4936,514.8735,-171.9785,-135.3156,5.3924,752575935
854458586534,85,515.3297,503.1192,515.1003,-526.1118,-132.5811,-357.8795,752575935
854458586535,85,515.0247,503.5952,514.8812,-394.4915,-570.0732,-174.5751,752575935
854458586536,85,515.0705,503.4981,515.0796,-375.8945,-467.0113,-67.6151,752575935
854458586537,85,515.2281,503.3649,515.0518,-652.1174,-302.0969,-52.568,752575935
854458586538,85,515.5176,503.4997,514.9883,-456.7603,-520.4598,-162.3397,752575935
854458586539,85,515.413,503.3881,514.9351,-955.7676,-405.182,-194.3719,752575935
854458586540,85,515.4624,503.5981,514.8837,-224.3936,-341.3,-53.2512,752575935
854458586541,85,515.5479,503.399,515.0343,-524.1725,-380.0245,-152.8754,752575935
854458586542,85,515.117,503.4532,514.8223,-253.1258,-313.6933,14.7157,752575935
854458586543,85,514.9866,503.5067,514.8264,52.7724,-514.7556,-198.7039,752575935
854458586544,85,515.4833,503.1842,514.7752,-678.8765,-131.1871,-232.3599,752575935
854458586545,85,515.164,503.4578,514.8196,56.5473,185.0908,-483.6639,752575935
854458586546,85,515.5444,503.525,514.9779,-500.6062,-484.1061,-168.4851,752575935
854458586547,85,515.0449,503.2907,514.885,-283.6556,115.3229,-623.5955,752575935
854458586548,85,515.48,503.5946,514.8563,-174.3136,-354.0506,-78.6768,752575935
854458586549,85,515.5811,503.4355,514.975,-535.2197,-364.655,-113.8946,752575935
854458586550,85,515.277,503.4449,514.7833,-536.5687,-286.2116,76.1256,752575935
854458586551,85,515.2042,503.4262,514.8591,-698.2391,223.8333,168.6144,752575935
854458586552,85,515.3207,503.4518,514.9392,-633.7726,-341.0536,-2.9685,752575935
854458586553,85,515.2877,503.4075,514.8824,-832.7917,-667.3765,-487.6489,752575935
854458586554,85,515.4083,503.5412,514.8969,-214.1796,-163.9435,114.0968,752575935
854458586555,85,515.4229,503.6153,514.802,-78.5289,-195.634,-188.4235,752575935
854458586556,85,515.5198,503.4819,514.8156,-681.7346,-423.2371,-16.2825,752575935
854458586557,85,515.2768,503.5461,514.7823,-231.0957,-317.7137,28.0113,752575935
854458586558,85,515.2389,503.3233,514.926,-635.7133,-210.5026,-329.5878,752575935
854458586559,85,515.1814,503.2737,514.851,-732.0805,-297.8667,-439.9021,752575935
854458586560,85,515.3461,503.1294,515.2139,-834.7562,-340.6362,-228.1308,752575935
854458586561,85,515.3637,503.525,515.0154,-587.9083,-500.3882,-335.8486,752575935
854458586562,85,515.2158,503.4244,514.9776,-1027.1241,-140.5108,84.1568,752575935
854458586563,85,515.4398,503.4684,514.9615,-761.2288,-647.3295,-85.1553,752575935
854458586564,85,515.4378,503.3629,514.9568,-768.3806,-439.9786,96.5543,752575935
854458586565,85,515.317,503.4606,514.9651,-445.5232,-280.2325,208.7444,752575935
854458586566,85,515.3115,503.6626,514.718,-262.4626,-316.2768,-286.0502,752575935
854458586567,85,515.1969,503.445,514.772,-558.5796,-524.624,-420.2657,752575935
854458586569,85,515.2219,503.4843,514.8889,-689.5576,40.0593,-662.687,752575935
854458586570,85,515.3047,503.4359,514.8561,-163.6452,0.7059,-646.8419,752575935
854458586571,85,515.3613,503.6548,514.7903,-522.799,-438.9757,-220.855,752575935
854458586572,85,514.967,503.1896,514.9223,-582.8408,-529.1995,-221.6479,752575935
854458586573,85,514.9999,503.3334,514.8737,-683.861,-647.2885,-350.8817,752575935
854458586574,85,515.4394,503.3405,514.8716,-666.3077,-286.8374,-405.112,752575935
854458586575,85,515.1376,503.3016,514.9461,-378.5611,-449.0245,-381.0429,752575935
854458586576,85,514.8126,503.5004,514.8088,-423.2757,57.5679,-694.0512,752575935
854458586577,85,515.1803,503.4282,514.9536,-862.0626,123.5726,-496.4356,752575935
854458586578,85,515.2401,503.4655,514.873,-278.1187,-370.2956,50.7523,752575935
854458586579,85,515.3453,503.4488,514.9381,-765.2005,-298.1001,-331.6081,752575935
854458586580,85,515.3141,503.4362,514.9235,-379.5338,-542.9509,-878.2955,752575935
854458586581,85,515.2277,503.4033,514.8858,-688.4075,-379.2433,-489.7692,752575935
854458586582,85,515.2291,503.4303,514.8789,-646.8577,-99.2,-714.4332,752575935
854458586583,85,515.1282,503.5023,514.7826,-405.6835,-543.5594,-580.9265,752575935
854458586585,85,515.3086,503.3969,514.8952,-138.5844,14.8536,-818.6655,752575935
854458586586,85,515.129,503.6657,514.6158,-479.4819,-120.4631,-182.4363,752575932
854458586587,85,515.2651,503.4534,514.8848,-1084.223,-244.9946,-535.8228,752575935
854458586588,85,515.2864,503.5148,514.9897,-251.5603,-303.7821,-396.0676,752575935
854458586589,85,515.1219,503.5038,514.7145,-82.9099,-98.8283,-260.0396,752575935
854458586590,85,515.2221,503.4305,514.8801,83.3136,-416.6879,-249.3439,752575935
854458586594,85,515.2844,503.3627,514.9733,-819.6656,-204.3822,-8.6854,752575935
854458586595,85,515.3633,503.4354,514.994,-885.6332,-142.9296,-477.4242,752575935
854458586596,85,515.1804,503.4536,514.8408,-520.3142,-447.1202,-480.8744,752575935
854458586597,85,515.3065,503.3888,514.8312,-181.3608,-221.226,289.8351,752575935
854458586598,85,515.3096,503.5541,514.8171,-70.1882,-280.3501,-269.3537,752575935
854458586602,85,515.3893,503.4979,514.5598,-533.6912,-193.6308,231.5776,752575932
854458586603,85,515.114,503.4105,514.8409,114.0151,108.9637,-389.041,752575935
854458586604,85,515.5468,503.4301,514.962,-611.9091,-446.4433,-102.7292,752575935
854458586605,85,515.1381,503.6443,514.5916,-310.2038,-435.8032,196.2119,752575932
854458586606,85,514.9442,503.2998,514.776,-913.9761,116.4574,-214.7701,752575935
854458586607,85,515.2305,503.0547,514.8572,-993.0166,-57.3307,-426.4103,752575935
854458602905,85,515.66,503.3643,515.0873,-247.0932,79.7631,-436.3823,752572992
854458602913,85,514.9658,503.3509,514.9055,-801.3517,-311.8027,163.5641,752575935
854458602921,85,515.7145,503.5362,514.8914,-552.8965,-343.154,-11.1643,752572992
854458602937,85,515.0899,502.94,515.2159,-800.8719,9.8572,-519.824,752575935
854458602945,85,514.8509,503.3364,514.887,-564.6222,147.2466,-687.8419,752575935
854458602953,85,514.8367,503.4917,514.7191,-341.6778,76.459,-618.4079,752575935
854459618711,85,515.448,503.584,514.9189,9.7835,-653.1141,-563.1124,752575935
854459618718,85,514.8979,503.6925,515.1053,-7.5685,-143.4415,-361.3673,752575935
854459618720,85,515.5056,503.3879,515.1686,-393.4962,-359.1509,-653.5884,752575935
854459618725,85,514.9542,503.616,515.1525,-41.0321,14.1738,-402.4182,752575935
854459618727,85,515.1472,503.5916,514.8707,-2.3733,-391.9821,-613.5888,752575935
854459618728,85,515.3467,503.3354,514.7622,-362.7093,-191.1763,-870.9929,752575935
854459618734,85,515.1292,503.5306,515.0062,-134.7523,-151.7518,-324.1619,752575935
854459618735,85,514.9993,503.492,514.8157,-338.3416,-113.3624,-711.9634,752575935
854459618736,85,515.0572,503.2734,514.7997,-207.6464,206.1349,-485.082,752575935
854459618742,85,515.3736,503.4694,514.7144,-771.3336,-539.0679,-451.4369,752575935
854459618743,85,515.2798,503.2341,514.7798,35.9338,-77.2499,-282.7877,752575935
854459618744,85,515.4267,503.3795,514.5097,-447.5537,-270.8475,-203.8072,752575932
854459618750,85,515.3432,503.4475,514.9647,-748.8854,-118.83,-675.1663,752575935
854459618751,85,514.9819,503.2375,514.8177,-75.4389,-611.3829,-408.978,752575935
854459618752,85,515.1078,503.3784,514.8099,-565.4321,-425.6888,-772.6798,752575935
854459618758,85,515.3359,503.2138,515.0286,-276.0826,-211.0348,103.736,752575935
854459618759,85,515.3814,503.4197,514.9073,-199.2291,92.5168,-27.184,752575935
854459618760,85,515.107,503.3658,514.7971,-600.9816,-143.021,-450.9977,752575935
854459618767,85,515.3879,503.5934,515.1756,-905.696,-486.943,-18.0014,752575935
854459618768,85,515.2442,503.4727,514.9641,-222.0032,-196.7921,-77.75,752575935
854459618776,85,515.2917,503.562,514.9054,-672.5446,-7.5163,54.4316,752575935
854459635085,85,515.355,503.3186,515.0049,71.4748,-81.4637,-760.2562,752575935
854459635089,85,515.1631,503.5377,514.7029,-749.3876,-516.9672,337.5508,752575935
854459635090,85,515.5098,503.6904,514.6977,-917.0681,-487.7632,-64.7659,752575935
854459635091,85,515.1683,503.2455,515.0085,-428.4007,-816.6744,31.7129,752575935
854459635092,85,515.5109,503.2377,515.1171,-438.9928,-47.249,-537.4098,752575935
854459635093,85,515.4979,503.2596,515.1003,-435.0909,-11.1226,-569.4789,752575935
854459635094,85,515.0977,503.3547,514.9381,-432.8249,-729.7231,333.0136,752575935
854459635097,85,515.3925,503.1725,514.9889,-176.0914,77.3328,-181.003,752575935
854459635098,85,515.3212,503.6318,514.8977,-699.3375,-294.3313,-649.0015,752575935
854459635099,85,515.1685,503.3696,514.6481,-563.1949,-311.736,-51.9081,752575932
854459635100,85,515.2725,503.3089,514.9156,-722.6225,-538.1335,-974.7094,752575935
854459635101,85,515.4285,503.3112,515.0172,-414.7745,232.0063,-367.6024,752575935
854459635102,85,515.3826,503.4984,514.9736,-633.2948,199.8497,-675.092,752575935
854459635103,85,515.2402,503.3013,515.0157,-243.5786,64.5189,-7.3913,752575935
854459635104,85,515.0557,503.3225,514.6949,-531.2197,-573.2437,-11.6384,752575935
854459635105,85,515.2086,503.4495,515.0131,-757.1953,-497.8884,134.3697,752575935
854459635106,85,515.3152,503.3894,514.8694,-741.7996,-6.0087,193.116,752575935
854459635107,85,515.1779,503.5063,514.9814,-245.4746,-375.0231,-437.2689,752575935
854459635108,85,515.1459,503.4478,515.025,-820.2501,-289.8172,-473.8887,752575935
854459635109,85,515.2828,503.3829,515.0436,-964.7599,-378.1447,-232.8576,752575935
854459635110,85,514.9651,503.3882,514.6182,-619.9685,-196.1548,-267.6241,752575932
854459635113,85,514.8095,503.2788,514.9014,-526.5641,-192.4421,-548.0716,752575935
854459635114,85,514.9961,503.2167,514.9521,-294.5663,7.6636,-580.8152,752575935
854459635115,85,515.5007,503.4711,514.8881,-742.4769,-347.8869,-36.9659,752575935
854459635116,85,515.1591,503.4097,514.8243,-450.7113,-329.5233,-760.8331,752575935
854459635117,85,515.1617,503.3934,514.9326,-799.2001,-31.4669,-754.7961,752575935
854459635118,85,515.2787,503.4599,514.8087,-291.3612,-642.2889,-693.7629,752575935
854459635119,85,515.4094,503.4824,514.9153,-11.9388,225.493,-256.9757,752575935
854459635120,85,515.2278,503.4534,514.7332,-787.7285,-222.7462,-630.6505,752575935
854459635121,85,515.2277,503.2128,514.619,-399.8331,-327.3951,-71.9311,752575932
854459635122,85,514.8246,503.1797,514.8455,-442.2662,-116.9535,-383.4439,752575935
854459635123,85,515.5263,503.5505,514.7862,-192.2207,-306.8242,-191.7591,752575935
854459635124,85,515.188,503.4816,514.7611,-70.6246,212.5012,-305.1696,752575935
854459635125,85,515.2978,503.5382,514.7561,59.1012,-439.1116,40.3202,752575935
854459635126,85,515.1719,503.3983,514.8511,237.7342,-7.7118,-17.8991,752575935
854459635127,85,514.9958,503.2346,514.9376,-306.4402,-157.0893,-697.7932,752575935
854459635128,85,515.307,503.476,514.9596,-729.3465,-441.8391,195.4191,752575935
854459635129,85,514.8062,503.404,514.6329,-390.6602,-299.3264,-395.0132,752575932
854459635130,85,515.0283,503.2819,515.0855,-355.7433,-40.713,-773.9247,752575935
854459635131,85,515.2344,503.5359,514.6771,-241.559,82.5198,-376.2774,752575935
854459635132,85,515.3849,503.6639,514.7465,-269.8399,-250.782,-189.1875,752575935
854459635133,85,515.2831,503.3624,514.9907,-795.4978,-606.1593,210.6577,752575935
854459635134,85,515.1943,503.3615,515.0756,-420.7622,-437.4069,-618.8091,752575935
854459635135,85,515.2349,503.3377,514.9718,-981.2822,-584.3019,52.6786,752575935
854459635136,85,515.1422,503.5071,514.8165,-397.5528,-543.9262,-682.2502,752575935
854459635137,85,515.0728,503.0608,515.2052,-501.0605,-32.9017,-576.9343,752575935
854459635138,85,515.3278,503.4867,514.8647,-878.0271,-447.9573,407.4707,752575935
854459635139,85,515.1329,503.4937,514.722,-745.6025,-322.1437,-617.2057,752575935
854459635140,85,515.2761,503.4091,514.9359,-755.2087,366.6518,-752.2507,752575935
854459635141,85,515.3334,503.4959,514.8557,197.2796,-258.4684,-378.3751,752575935
854459635142,85,514.9648,503.3069,514.8627,-521.8912,-587.8162,-279.1035,752575935
854459635143,85,515.1683,503.3301,514.8353,-144.8775,-12.2115,-176.8822,752575935
854459635145,85,515.3221,503.4718,514.9646,-516.7945,-711.6879,-386.864,752575935
854459635146,85,515.0139,503.2922,514.7988,-268.3369,-270.623,17.2231,752575935
854459635147,85,514.9828,503.25,515.0475,-406.2948,-364.2127,-293.5462,752575935
854459635148,85,514.9634,503.461,514.6394,-280.9424,-192.8439,-445.201,752575932
854459635149,85,515.2619,503.4172,514.8762,-540.9067,-655.1486,49.1926,752575935
854459635150,85,515.4343,503.4796,514.8817,-1110.4498,-270.3789,-328.2658,752575935
854459635151,85,515.3222,503.581,514.943,-672.6373,-238.5679,-392.6416,752575935
854459635152,85,514.8936,503.526,514.7132,-350.727,89.5802,-677.4892,752575935
854459635153,85,515.3675,503.3253,514.8813,-575.4218,-166.7281,85.1055,752575935
854459635154,85,515.2284,503.575,514.6312,-111.4302,-132.481,-196.4073,752575932
854459635155,85,515.3252,503.4629,514.9061,-897.1459,-261.868,-392.9406,752575935
854459635156,85,515.3144,503.5367,514.8094,-264.829,-161.9093,-378.9128,752575935
854459635157,85,515.406,503.5055,514.8085,-399.4865,-208.7959,-340.2645,752575935
854459635158,85,515.3537,503.5127,514.8727,-1147.4221,-205.2389,-311.9839,752575935
854459635159,85,515.1996,503.5184,514.463,-411.2799,-198.0843,-338.0845,752575932
854459635160,85,515.2158,503.1538,515.0632,-1128.9888,-285.8503,-549.6008,752575935
854459635161,85,514.9275,503.4387,514.8226,-436.9785,-317.873,-81.352,752575935
854459635162,85,515.2452,503.4088,514.9083,-480.1783,161.8572,-531.9629,752575935
854459635163,85,515.3459,503.4165,514.8768,-659.2607,-314.2308,-768.7061,752575935
854459635164,85,515.1014,503.3776,514.7025,-232.4259,-353.2373,-165.4721,752575935
854459635165,85,515.0526,503.238,514.9593,-278.8451,-230.1658,-403.0573,752575935
854459635166,85,515.0873,503.3156,514.9102,-46.0468,-31.2923,-616.9731,752575935
854459635168,85,515.5526,503.0356,515.0365,-1040.2162,-255.6971,-504.6897,752575935
854459635169,85,515.0975,503.1938,514.7686,-319.559,16.9472,-525.7079,752575935
854459635170,85,515.1355,503.4337,514.6857,-415.4736,-179.3193,165.7211,752575935
854459635171,85,515.127,503.3095,514.8555,-564.7739,-68.0524,-642.3843,752575935
854459635172,85,515.1097,503.5687,514.6241,-172.8999,-133.9659,-309.1134,752575932
854459635173,85,515.4705,503.48,515.0056,-445.355,-369.2206,-443.8301,752575935
854459635174,85,515.265,503.5938,514.7476,-265.3677,-428.121,196.7852,752575935
854459635175,85,515.3823,503.1851,515.1315,-1123.3556,-96.9229,-557.5756,752575935
854459635176,85,515.1746,503.3216,515.0265,-1023.3666,-33.0156,-713.7999,752575935
854459635178,85,515.3387,503.453,514.6033,-536.5307,-124.8976,262.1768,752575932
854459635183,85,515.2787,503.1722,515.0314,-957.7614,62.2448,-380.2604,752575935
854459651481,85,515.1211,503.2873,514.8731,-511.5794,-916.4679,-16.2438,752575935
854459651489,85,515.1389,503.3538,514.9081,-544.4836,-401.3798,335.3243,752575935
854459651490,85,514.8188,503.261,515.0104,-456.549,-415.4749,-46.1975,752575935
854459651499,85,515.1636,503.1831,514.9202,-930.5261,-770.7454,-480.2427,752575935
854459651506,85,514.7664,503.5234,514.7496,-302.2627,22.8075,-530.2102,752575935
854459651507,85,515.6062,503.438,515.1411,-949.8276,-741.8225,-196.8216,752575935
854459651513,85,514.8605,503.2335,514.9803,-655.1476,152.7372,-650.6816,752575935
854459651515,85,515.4225,502.939,515.2168,-991.5532,-497.1463,-408.3081,752575935
854459651521,85,514.8615,503.3598,514.8722,-550.6949,159.1008,-675.9898,752575935
854459651522,85,514.9302,503.5418,514.7208,-433.5642,142.8281,-673.4244,752575935
854459651529,85,514.8789,503.5262,514.7029,-276.8781,50.5434,-559.5725,752575935
854459651537,85,515.4319,503.1026,515.0251,-1043.9462,-95.3614,-468.1874,752575935
854459651545,85,515.4789,503.1465,515.0096,-1187.3264,-169.5055,-304.2092,752575935
854460667286,85,514.8386,503.66,515.1015,-11.3776,-127.643,-319.2188,752575935
854460667288,85,514.915,503.4415,514.8674,-268.728,53.654,138.4031,752575935
854460667294,85,515.6937,503.4462,514.7953,-266.4632,-675.0118,-438.4938,752572992
854460667296,85,515.1,503.2572,514.8536,-303.0671,-492.7718,155.5754,752575935
854460667302,85,515.0002,503.4975,515.0837,-716.3017,142.6648,-248.0953,752575935
854460667304,85,515.2406,503.1987,514.9255,-893.1963,-537.8768,75.6217,752575935
854460667308,85,515.2056,503.1178,515.3186,-479.2497,263.0997,-413.9944,752575935
854460667309,85,515.1371,503.3173,514.9222,-444.4175,-178.909,487.5929,752575935
854460667310,85,515.0942,503.1897,514.5697,-606.7708,-180.7267,-150.1867,752575932
854460667311,85,515.2655,503.4311,514.6843,-202.8671,247.6012,-474.8309,752575935
854460667312,85,515.1377,503.4013,514.9337,-319.222,-94.0269,-1042.3021,752575935
854460667318,85,515.2944,503.5634,514.7518,-317.5136,-488.1581,-563.8794,752575935
854460667319,85,515.3863,503.534,514.5789,-176.8404,-155.0738,-588.1059,752575932
854460667320,85,515.0605,503.3889,514.7596,-297.4886,-558.9601,-387.7615,752575935
854460667326,85,515.2286,503.3787,514.9283,-850.0239,140.0269,119.3152,752575935
854460667327,85,515.2506,503.3903,514.9951,-914.2116,-771.0452,-5.8041,752575935
854460667328,85,515.2963,503.1259,515.4167,-600.273,-116.9796,-552.733,752575935
854460667334,85,515.0713,503.3549,514.9358,-395.558,-552.531,21.4349,752575935
854460667335,85,514.972,503.2142,515.0462,-396.9822,-567.3116,-648.1646,752575935
854460667336,85,515.3704,503.5265,514.9,-600.7192,-800.3823,-41.6819,752575935
854460667344,85,514.974,503.2742,514.8569,-115.506,-257.6774,-514.0,752575935
854460667352,85,515.3669,503.6545,514.8986,-246.5322,-506.5759,-109.5806,752575935
854460683665,85,515.5518,503.3215,514.759,-690.5818,-84.555,-469.4173,752575935
854460683667,85,515.4072,503.5602,514.9246,-861.1604,66.3942,-471.2544,752575935
854460683668,85,515.0302,503.6363,514.7892,-670.6537,-507.5606,-386.864,752575935
854460683669,85,515.2715,503.202,514.9337,-220.0585,-190.3152,2.9453,752575935
854460683670,85,515.1506,503.5684,514.6755,-713.9103,-570.2236,-430.9243,752575935
854460683671,85,515.3409,503.561,514.8455,-781.8885,-46.0925,-753.4818,752575935
854460683673,85,515.2997,503.1784,514.9516,-656.8018,-484.4296,-439.0455,752575935
854460683674,85,515.1368,503.2932,514.8929,-48.7333,-530.0677,51.7167,752575935
854460683675,85,515.4595,503.57,514.8072,-629.7627,-56.1198,-11.7082,752575935
854460683676,85,515.3526,503.3374,515.0763,-161.5612,9.6835,-142.5434,752575935
854460683677,85,515.2408,503.2876,514.982,-242.7966,-381.296,222.6465,752575935
854460683681,85,515.0438,503.6035,514.6866,-419.8529,-383.5094,-174.8197,752575935
854460683682,85,515.1637,503.5199,514.7596,-99.6123,-277.2524,188.4144,752575935
854460683683,85,515.202,503.3988,514.7625,142.2287,-313.6357,-319.6779,752575935
854460683684,85,515.0719,503.1663,515.0945,-857.3321,-408.0452,-181.2503,752575935
854460683685,85,515.1787,503.4491,514.8572,-278.2215,-225.1272,21.5305,752575935
854460683686,85,514.8565,503.3563,515.0156,-403.5343,-172.2906,-555.6569,752575935
854460683687,85,515.5287,503.4525,514.7696,-459.0025,-60.9686,-139.3886,752575935
854460683688,85,515.6722,503.4547,514.9819,-322.0832,-312.4638,-254.4971,752572992
854460683689,85,515.1316,503.2801,515.0034,-736.3839,-350.7113,-387.7922,752575935
854460683690,85,515.2255,503.1425,514.9835,-626.5007,-560.4948,-253.6453,752575935
854460683691,85,515.1337,503.2855,514.8203,-898.244,-214.4787,-517.1418,752575935
854460683692,85,515.4697,503.4973,514.7927,-172.0464,-408.387,18.8506,752575935
854460683694,85,515.3506,503.3008,514.9233,-877.9766,-98.9297,-359.8953,752575935
854460683695,85,515.2884,503.4137,514.9285,-1069.2725,-939.788,-192.7585,752575935
854460683696,85,515.1235,503.379,514.8256,-356.9432,-132.5202,-684.7021,752575935
854460683697,85,515.2527,503.5405,514.5358,-314.2833,-297.6068,-166.274,752575932
854460683698,85,515.1337,503.1124,515.2969,-464.3909,-240.462,-281.9063,752575935
854460683700,85,515.0954,503.3217,514.6583,-641.8895,-284.0672,-336.1332,752575935
854460683701,85,515.2917,503.444,514.9026,-575.2687,-515.3375,-362.8054,752575935
854460683702,85,515.2516,503.3013,515.0428,-652.955,-151.5679,-587.6747,752575935
854460683703,85,515.2436,503.4445,514.8643,-582.1158,-737.6569,-93.5621,752575935
854460683704,85,515.2225,503.2412,514.879,-626.1295,-593.6417,-580.7897,752575935
854460683705,85,515.1489,503.214,515.0499,-595.0863,-447.9186,-391.301,752575935
854460683706,85,515.2441,503.0799,515.1476,-487.2103,-96.7744,-451.319,752575935
854460683707,85,515.3209,503.574,514.7551,-286.6776,-513.0218,38.052,752575935
854460683708,85,515.1353,503.2689,514.9139,-408.5811,30.6357,-953.8918,752575935
854460683709,85,515.21,503.3856,514.942,-120.2597,-235.6638,-581.6589,752575935
854460683710,85,515.2483,503.4315,514.8522,-446.1539,-500.7034,-320.3539,752575935
854460683711,85,515.4698,503.4505,515.0011,-769.059,-605.671,-208.5491,752575935
854460683712,85,515.2643,503.401,514.9772,-647.3501,-850.8529,-659.5038,752575935
854460683713,85,515.2656,503.3451,514.8675,-599.8467,353.2617,-573.8202,752575935
854460683714,85,515.5393,503.5887,514.8312,-209.3768,-245.4155,-34.7581,752575935
854460683715,85,514.9754,503.3544,514.5983,-481.0146,-67.839,-340.0157,752575932
854460683716,85,514.8198,503.342,514.6948,-576.368,-179.9632,-347.2433,752575935
854460683717,85,515.0782,503.3361,514.9538,-586.1789,-408.8574,86.2766,752575935
854460683718,85,515.1924,503.3316,514.9202,-110.6367,-193.3759,-362.5268,752575935
854460683719,85,515.2004,503.4293,514.7657,-478.9015,-326.3322,-808.4517,752575935
854460683720,85,515.2028,503.3158,514.6796,-63.4524,-277.371,-548.462,752575935
854460683722,85,515.1278,503.2604,514.8481,-421.5762,308.2621,-201.8484,752575935
854460683723,85,515.225,503.3823,514.8989,-638.9562,-403.0872,-240.5116,752575935
854460683724,85,514.9734,503.0306,514.9938,-616.9695,-288.6608,-204.5038,752575935
854460683725,85,515.2144,503.4193,514.774,-640.7772,-497.5538,-402.4636,752575935
854460683726,85,515.2213,503.3905,514.9287,-723.1616,-283.0271,-406.3216,752575935
854460683727,85,515.3279,503.4686,514.9711,-610.7648,-360.8139,-137.992,752575935
854460683729,85,515.2557,503.4115,514.8289,-289.5317,218.4216,-14.5068,752575935
854460683730,85,515.3208,503.3336,514.9302,-633.1693,-209.3357,-114.2963,752575935
854460683731,85,515.0689,503.4069,514.6637,-39.6171,-324.3836,-173.7665,752575935
854460683732,85,515.0106,503.4332,514.5917,-459.1453,-46.9149,-450.736,752575932
854460683733,85,515.2726,503.3969,514.8151,-703.9086,-422.5796,-442.3644,752575935
854460683734,85,515.2275,503.5406,514.7014,-511.1472,-336.2473,-206.9427,752575935
854460683735,85,515.0927,503.4776,514.801,-178.5118,-243.4301,-353.1882,752575935
854460683736,85,515.3834,503.1481,515.0455,-1220.8381,-306.4295,-406.8705,752575935
854460683737,85,515.1321,503.1975,514.9813,-288.0492,-272.557,-390.2871,752575935
854460683738,85,515.1458,503.6431,514.5989,-442.3777,-317.9705,-212.7782,752575932
854460683739,85,515.2371,503.4943,514.8408,-719.5099,-194.1769,-917.707,752575935
854460683740,85,515.3069,503.4634,514.571,-443.3531,-308.4281,-343.1005,752575932
854460683741,85,515.2944,503.4399,514.9092,-351.2337,56.9734,-303.0297,752575935
854460683742,85,515.266,503.4143,514.8799,-444.7541,-218.3507,-386.6648,752575935
854460683743,85,514.8998,503.2901,514.9412,-643.5084,-424.2062,-200.4749,752575935
854460683744,85,515.326,503.1341,515.0469,-1106.1229,-127.5367,-408.7629,752575935
854460683746,85,514.9879,503.6018,514.6229,-450.7463,-387.109,-289.7624,752575932
854460683747,85,515.1508,503.4871,514.8947,-517.1978,-181.0427,-346.0553,752575935
854460683748,85,515.2828,503.4053,514.819,-380.1422,-375.9772,-395.0181,752575935
854460683749,85,515.2095,503.4512,514.8928,-468.0512,-482.1561,-603.7562,752575935
854460683750,85,515.1833,503.3572,514.9156,151.638,-104.2533,-345.865,752575935
854460683751,85,515.4751,503.4827,515.0511,-944.4724,-206.5618,-584.2733,752575935
854460683752,85,515.351,503.1459,515.0403,-1065.5844,-103.0479,-480.5655,752575935
854460683755,85,514.9777,503.5675,514.8253,-37.1912,-386.5653,41.8895,752575935
854460683756,85,515.3621,503.2323,515.3166,-478.8271,-348.5942,-188.049,752575935
854460683759,85,515.3719,503.1423,515.1825,-967.3509,-102.9296,-480.7059,752575935
854460683760,85,515.2948,502.9743,515.2135,-961.8211,-133.6261,-427.7137,752575935
854460700049,85,515.2811,502.9474,514.9601,-75.2292,0.4063,-304.7443,752575935
854460700057,85,515.114,502.9675,514.9824,-301.4676,-449.9327,-97.3868,752575935
854460700058,85,515.7068,503.6937,514.9308,-600.0242,38.5023,-395.158,752572992
854460700065,85,515.1306,503.3143,514.9606,97.3717,93.4347,-425.0898,752575935
854460700066,85,515.1306,503.3441,515.0015,-319.3193,-379.8632,31.7712,752575935
854460700073,85,515.3962,503.3641,514.9143,-364.1831,-513.936,-404.6532,752575935
854460700074,85,515.6923,503.4395,514.8799,-380.3393,-318.8463,142.6739,752572992
854460700081,85,515.2642,503.297,515.0574,-800.1948,-524.0148,-191.0876,752575935
854460700090,85,514.847,503.3302,514.9034,-581.171,189.4688,-632.5773,752575935
854460700097,85,514.9162,503.5606,514.7117,-263.0938,115.7073,-523.2828,752575935
854460700098,85,514.9797,503.6736,514.6331,-218.6943,-26.5257,-471.1927,752575932
854460700099,85,515.0004,502.9184,515.2099,-723.71,-15.1856,-563.4008,752575928
854460700105,85,514.9241,503.586,514.7046,-293.4003,121.7366,-478.9018,752575935
854460700106,85,514.9306,503.5705,514.7184,-254.1802,85.93,-530.7116,752575935
854460700113,85,515.3491,503.1683,515.0269,-1234.5118,-210.9568,-409.903,752575935
854460700114,85,515.3778,503.0039,515.119,-949.8867,-183.6574,-467.3327,752575935
854460700121,85,515.4462,503.0948,515.036,-1095.4026,-197.9749,-428.2569,752575935
854460700122,85,515.339,503.338,515.0199,-1206.5715,-144.0855,-555.9407,752575935
854460700129,85,515.3571,503.1518,515.078,-1068.8206,-147.6355,-457.4262,752575935
854460700130,85,515.003,503.4743,514.8552,-759.8254,38.331,-768.3851,752575935
854461715863,85,515.0113,503.3312,514.7977,-516.6749,224.6142,158.2746,752575935
854461715864,85,514.9684,503.4142,514.8182,-271.2494,134.285,170.5139,752575935
854461715868,85,514.9108,503.4962,515.0275,-8.9498,97.9851,-377.8931,752575935
854461715871,85,515.187,503.1908,514.8807,-893.6614,-194.38,-21.6469,752575935
854461715872,85,514.9285,503.4652,514.686,-355.8517,142.1402,-335.72,752575935
854461715878,85,515.1365,503.2594,515.0639,-687.5262,-62.141,-40.4976,752575935
854461715879,85,515.0869,503.218,515.141,-777.338,-92.4292,-194.4067,752575935
854461715880,85,514.9611,503.5312,515.06,-717.5928,-243.9277,-601.9698,752575935
854461715885,85,515.5093,503.6318,515.1245,-291.8593,-203.643,-532.2313,752575935
854461715886,85,515.3905,503.2016,515.1981,-601.5678,-136.414,-268.7833,752575935
854461715888,85,515.4043,503.6063,514.6057,-200.3268,-100.7441,-374.5609,752575932
854461715894,85,515.2015,503.4429,514.9803,-559.7645,-607.0953,102.2519,752575935
854461715895,85,515.1801,503.2969,514.6937,-224.5856,-310.542,-158.669,752575935
854461715896,85,515.1839,503.2956,514.7026,-241.5873,-270.754,-55.1807,752575935
854461715902,85,515.2972,503.5616,514.7424,-375.2171,-548.2828,-531.4537,752575935
854461715903,85,514.9871,503.2437,514.8575,-47.5162,-258.4502,-608.2286,752575935
854461715904,85,515.1023,503.4496,514.917,-902.6195,-503.2569,-571.6684,752575935
854461715909,85,515.6008,503.7242,515.194,-978.562,-178.494,-564.4579,752575935
854461715910,85,515.2281,503.3462,515.0573,-382.514,-363.2762,288.3305,752575935
854461715911,85,515.2078,503.132,514.8757,-657.7453,110.7016,-615.082,752575935
854461715912,85,515.3174,503.4001,514.8702,-233.6664,-65.1716,-58.4952,752575935
854461715920,85,515.3085,503.36,514.7117,-477.8646,-650.8047,-449.3933,752575935
854461715928,85,515.104,503.6548,514.6777,-424.4503,-76.2364,-198.2153,752575935
854461732225,85,515.5295,503.3604,514.9166,14.8047,-340.4626,23.6723,752575935
854461732227,85,514.7424,503.3815,514.7336,17.0472,-298.1129,-392.0276,752575935
854461732229,85,515.2434,503.3528,514.7875,232.2374,183.9955,-132.7819,752575935
854461732241,85,515.1475,503.5231,514.9524,-176.5475,287.479,52.3835,752575935
854461732242,85,515.254,503.5951,514.9175,-742.8007,-144.5823,-199.026,752575935
854461732243,85,515.4587,503.6933,514.9694,-315.5681,-555.51,-156.4521,752575935
854461732244,85,515.1755,503.2741,514.9604,-880.1966,-86.3777,-350.4773,752575935
854461732248,85,514.8312,503.6017,514.9108,-623.4137,-736.6896,-268.2472,752575935
854461732249,85,515.5045,503.7335,514.8992,-287.9736,-424.4313,-18.7226,752575935
854461732250,85,515.4785,503.532,514.892,-322.7272,-484.8221,151.3668,752575935
854461732251,85,515.2955,503.4708,514.9159,-903.8205,-409.6015,109.0142,752575935
854461732252,85,515.261,503.4949,514.892,-213.6201,-123.8362,-440.3803,752575935
854461732253,85,515.2677,503.2664,514.8177,-495.9507,36.8859,-510.8563,752575935
854461732254,85,514.9083,503.0634,515.0099,-679.0168,-273.5751,-459.3778,752575935
854461732255,85,515.1866,503.1964,514.8044,-27.9477,-378.5362,-297.3616,752575935
854461732257,85,515.3624,503.4745,514.9521,-602.9041,-444.7579,-815.7443,752575935
854461732258,85,515.274,503.4186,514.8975,-235.1618,-491.144,-125.846,752575935
854461732259,85,515.1403,503.495,514.769,-223.4568,12.0732,-292.5371,752575935
854461732260,85,515.3199,503.4434,514.8629,-520.6888,-177.656,-256.0159,752575935
854461732261,85,515.2653,503.3209,514.9064,-617.7216,-309.3339,-276.1032,752575935
854461732262,85,515.2397,503.4066,514.9116,-552.2395,106.8473,-306.0719,752575935
854461732263,85,515.2704,503.6997,514.712,-298.2939,-115.6007,-309.7061,752575935
854461732264,85,515.6799,503.4497,514.9225,-173.2278,-380.9162,-179.7139,752572992
854461732265,85,515.0492,503.2582,514.8174,-311.9292,-265.4938,-430.0338,752575935
854461732266,85,515.2621,503.4446,514.8689,-22.7801,-358.4793,-55.4251,752575935
854461732267,85,515.272,503.4237,514.8181,-281.2164,-68.2652,-341.1191,752575935
854461732268,85,515.3195,503.4108,514.9061,-848.3283,-535.3655,-227.6438,752575935
854461732269,85,515.2614,503.4817,514.844,-390.8036,-286.8618,-399.1383,752575935
854461732270,85,515.347,503.398,514.8336,-316.4576,-379.2061,-281.512,752575935
854461732271,85,515.2507,503.4792,514.767,-291.6881,6.256,-551.9011,752575935
854461732272,85,515.1223,503.3422,514.9001,-936.8023,-372.4572,-489.1267,752575935
854461732273,85,515.1796,503.3741,514.6766,-244.3853,-503.4535,-445.597,752575935
854461732274,85,515.2722,503.4232,514.8417,-428.9508,-687.2375,-259.3165,752575935
854461732275,85,515.3066,503.4093,514.9319,-1133.4507,-7.5203,-495.9345,752575935
854461732276,85,515.2333,503.4165,514.879,-527.9338,-106.2799,-423.1875,752575935
854461732277,85,515.1699,503.4199,514.8534,-432.3484,-411.2313,-736.503,752575935
854461732278,85,515.2583,503.412,514.8561,-481.4066,-45.624,-323.175,752575935
854461732279,85,515.317,503.4146,514.9313,-679.3901,-401.3519,-267.856,752575935
854461732281,85,515.1223,503.3931,514.9202,-851.2645,-508.2385,-728.066,752575935
854461732282,85,515.249,503.4006,514.8587,-682.786,-64.2703,-64.8005,752575935
854461732283,85,515.1818,503.66,514.8134,-408.6668,-558.3206,-37.0678,752575935
854461732284,85,515.2656,503.4512,514.877,-598.9938,7.5325,-346.6501,752575935
854461732285,85,515.2318,503.4224,514.8242,-379.181,27.8417,-747.12,752575935
854461732286,85,515.262,503.4156,514.9368,-732.3219,-308.7377,-254.2126,752575935
854461732287,85,515.3237,503.4547,514.8456,-346.9072,-407.8935,-55.922,752575935
854461732288,85,515.3784,503.4692,514.8983,-935.7349,-665.9598,50.0254,752575935
854461732289,85,515.1443,503.2221,514.9114,-693.7021,-156.0643,-474.8027,752575935
854461732290,85,515.1599,503.3214,514.8536,-483.9931,-318.1228,-219.4038,752575935
854461732291,85,515.1815,503.3242,515.1137,-768.0272,-316.9479,-410.1939,752575935
854461732292,85,515.0599,503.6663,514.9018,-503.3069,-371.9887,-223.5359,752575935
854461732293,85,515.0242,503.3623,514.8646,-87.4065,-155.5385,-395.3123,752575935
854461732294,85,515.3903,503.7189,514.7956,-344.7116,-362.5946,49.5753,752575935
854461732295,85,515.4258,503.4991,514.9604,-691.5648,-565.5344,-135.6067,752575935
854461732296,85,515.0642,503.5425,514.6971,-213.6218,-86.9241,-46.3401,752575935
854461732297,85,515.2625,503.405,514.8301,-516.2575,-599.3818,-220.9851,752575935
854461732298,85,515.2414,503.4108,514.8713,-872.301,-325.7682,-361.8041,752575935
854461732299,85,515.1707,503.5034,514.8101,-369.3936,303.482,-456.7346,752575935
854461732300,85,515.1854,503.4763,514.7769,-198.8319,-436.2556,-230.0572,752575935
854461732301,85,515.296,503.4287,514.8893,-630.6976,-367.0884,-131.1277,752575935
854461732302,85,515.3127,503.4601,514.9597,-831.6905,-57.8567,-25.306,752575935
854461732303,85,515.1063,503.2809,514.9115,-14.8244,-136.952,-274.3501,752575935
854461732304,85,515.3557,503.0451,514.7371,-561.5291,-122.647,-376.3004,752575935
854461732305,85,515.1015,503.2774,514.8401,-526.2836,-4.1075,-518.8648,752575935
854461732306,85,515.4826,503.5853,515.0598,-568.2964,-541.0912,-125.7273,752575935
854461732308,85,515.2421,503.4603,515.0074,-412.3287,-265.0911,-232.3601,752575935
854461732309,85,515.2649,503.424,514.887,-733.8064,-72.4478,-249.6748,752575935
854461732310,85,515.3525,503.4061,514.9245,-532.4414,-337.7163,-634.6101,752575935
854461732311,85,515.1809,503.422,514.7858,15.8185,-284.4497,-96.9681,752575935
854461732312,85,515.0107,503.352,514.7217,-683.7255,-261.2712,-572.2802,752575935
854461732313,85,515.1518,503.7317,514.7916,-261.2577,-314.6772,-236.4091,752575935
854461732315,85,515.3041,503.395,514.8702,-583.6741,-493.1781,-204.9835,752575935
854461732316,85,515.1796,503.2079,514.9645,-642.5031,-408.5216,-482.3069,752575935
854461732317,85,515.2748,503.3434,514.9054,-652.9073,-542.4368,-305.1234,752575935
854461732318,85,515.2156,503.4133,514.8444,-513.7019,195.6537,-626.8796,752575935
854461732319,85,515.1383,503.4859,514.8207,-54.5875,-379.8257,-284.7178,752575935
854461732322,85,514.8552,503.4242,514.6691,-499.5584,-358.7706,-442.2039,752575935
854461732323,85,515.3186,503.3328,514.8705,-410.7437,-137.9177,-22.4121,752575935
854461732324,85,515.1878,503.4021,514.9188,-386.3905,-424.5757,-407.6332,752575935
854461732325,85,515.2198,503.4283,514.8925,-287.5697,-126.0776,-523.8359,752575935
854461732326,85,515.2139,503.4662,515.1176,-872.2974,-228.94,-647.9747,752575935
854461732327,85,515.1575,503.2231,514.8878,-448.0833,246.6088,-349.8398,752575935
854461732328,85,515.3348,503.1342,515.084,-1046.252,-143.507,-450.7382,752575935
854461732332,85,515.5311,503.3451,515.0086,-198.7966,-272.8688,10.4745,752575935
854461732334,85,515.1587,503.2359,515.0433,-1016.0872,-26.9946,-550.9852,752575935
854461732335,85,515.4166,503.3081,515.1593,-1098.6315,-237.3204,-587.979,752575935
854461732336,85,515.3428,503.0434,515.244,-959.8462,-139.1526,-399.5745,752575935
854461748633,85,515.4499,503.3432,514.9594,-419.3126,273.9828,-136.146,752575935
854461748641,85,515.0942,503.3724,514.8786,196.7727,75.6568,-128.4984,752575935
854461748642,85,515.184,503.454,514.8985,-713.4096,-615.2958,415.8835,752575935
854461748649,85,515.0273,503.3171,514.7704,-292.8339,-232.5885,-589.6936,752575935
854461748650,85,515.162,503.6581,514.841,-543.065,19.126,-339.6117,752575935
854461748652,85,515.251,503.2739,514.9285,-463.2627,-1116.3851,-72.5375,752575935
854461748657,85,514.8006,503.2496,514.7828,-272.7782,-91.6342,-502.4147,752575935
854461748658,85,515.2908,503.4196,514.8794,-792.5462,-218.3671,-388.7885,752575935
854461748660,85,515.8391,503.6843,514.9255,-803.7306,-661.4052,-67.1659,752572992
854461748665,85,515.3405,503.4894,514.9177,-493.2729,-614.2381,-278.3261,752575935
854461748667,85,515.0352,502.9635,515.1568,-754.114,-8.4706,-607.2656,752575935
854461748674,85,514.9456,503.5958,514.6838,-292.3164,28.8005,-577.0354,752575935
854461748681,85,514.96,503.592,514.7104,-330.4736,138.8772,-525.416,752575935
854461748682,85,514.9517,503.5701,514.7177,-340.7643,133.656,-600.1275,752575935
854461748689,85,515.2973,503.1999,514.9858,-1191.6531,-117.5459,-403.651,752575935
854461748690,85,515.3757,503.2197,514.9883,-1260.729,-123.1787,-443.3319,752575935
854461748697,85,515.3597,503.1543,515.0511,-1043.0226,-135.3235,-457.5513,752575935
854461748698,85,515.3198,503.1449,515.0785,-1205.6271,-286.1286,-521.5032,752575935
854461748705,85,515.3293,503.1382,515.0418,-1099.9651,-103.554,-487.9132,752575935
854461748706,85,515.4492,503.075,515.0305,-1163.1506,-221.5694,-466.2898,752575935
854462764424,85,515.2344,502.8762,514.9586,-647.7468,100.5111,-191.2514,752575928
854462764431,85,515.0391,503.2773,515.0227,-478.1127,342.1167,-325.8541,752575935
854462764432,85,515.1643,503.6749,514.8485,-580.4946,167.4398,-613.4215,752575935
854462764437,85,515.5788,503.4815,514.8216,-37.5549,-636.3379,-370.358,752575935
854462764438,85,515.0427,503.5501,514.9868,-519.491,227.8461,-477.7145,752575935
854462764439,85,515.0339,503.2326,515.0196,-471.5149,338.0811,-307.5353,752575935
854462764440,85,515.5495,503.0731,514.9818,-751.684,124.5832,-151.021,752575935
854462764446,85,514.9159,503.6026,515.26,-482.3911,-128.3604,-576.3901,752575935
854462764448,85,515.2997,503.4484,514.7838,-388.3317,-112.1725,91.9123,752575935
854462764453,85,515.2068,503.374,514.7964,-735.3817,-454.5849,554.0903,752575935
854462764454,85,515.2452,503.2075,515.0175,-548.4099,103.1232,-169.7255,752575935
854462764455,85,515.2092,503.3448,515.2022,-814.555,-147.9866,-338.0873,752575935
854462764456,85,515.3227,503.6032,515.0634,-411.8729,-278.1858,-272.8024,752575935
854462764461,85,515.358,503.5437,515.0872,-164.6515,74.095,-485.4652,752575935
854462764462,85,515.0925,503.4259,514.7501,-104.1541,-391.7249,-723.077,752575935
854462764463,85,515.0554,503.5845,515.205,-642.6168,-625.5648,-455.5065,752575935
854462764464,85,515.4249,503.4721,514.9062,-741.8804,-662.1131,-278.9674,752575935
854462764470,85,515.2327,503.3178,514.5964,-182.1327,-451.9913,-418.6762,752575932
854462764471,85,515.007,503.5036,514.8455,-454.123,-502.9841,-460.2907,752575935
854462764472,85,515.2683,503.4183,514.8726,-247.2296,-329.3828,-424.5493,752575935
854462764478,85,515.3286,503.3658,514.7943,-726.6943,51.5878,-173.6541,752575935
854462764479,85,515.4979,503.4909,514.7767,-300.4194,-544.3008,89.4517,752575935
854462764480,85,515.2313,503.4227,514.8538,-392.394,-13.1768,3.1818,752575935
854462764486,85,515.4214,503.5747,514.9863,27.0655,-146.4333,-247.6657,752575935
854462764487,85,515.4526,503.5212,515.0449,-604.2175,-136.6484,-625.1576,752575935
854462764488,85,515.1663,503.4461,514.8884,-802.5204,-209.1807,-127.0017,752575935
854462764496,85,515.4716,503.4989,514.9917,-281.7569,-424.2457,-123.2261,752575935
854462764504,85,515.1144,503.3209,514.6968,-251.4636,11.4022,227.5035,752575935
854462780802,85,515.1177,503.5692,515.054,-873.9975,-8.3002,-512.5353,752575935
854462780803,85,515.476,503.295,515.1749,-910.7278,-21.8439,-97.8814,752575935
854462780804,85,515.3777,503.3223,515.2625,-626.4038,-342.801,-289.7688,752575935
854462780805,85,515.4026,503.398,515.2354,-574.432,-372.0005,-398.3637,752575935
854462780806,85,515.4224,503.5751,515.3409,-632.4045,-276.6061,90.7111,752575935
854462780809,85,515.3215,503.4988,515.1165,-559.91,116.3725,-128.0698,752575935
854462780810,85,515.1004,503.5582,514.5909,-153.1533,-124.6305,-63.8752,752575932
854462780811,85,515.2191,503.2653,515.1411,-711.7991,-256.5569,-323.1035,752575935
854462780812,85,515.4888,503.3275,515.1475,-702.6083,-451.5057,-100.2131,752575935
854462780813,85,515.1396,503.6475,514.6548,-176.7983,-314.189,26.4075,752575935
854462780816,85,515.3654,503.43,514.7761,-240.5914,247.6488,252.9039,752575935
854462780817,85,515.4101,503.5183,515.1117,-919.1968,-30.0086,-626.6942,752575935
854462780818,85,515.4071,503.4327,515.1395,-408.0404,-407.9368,-464.5929,752575935
854462780819,85,515.5833,503.3599,515.0186,-679.011,-281.9951,-71.8782,752575935
854462780821,85,515.3122,503.4207,514.9425,139.8287,-539.8129,-356.3561,752575935
854462780823,85,515.4242,503.5164,514.6537,-287.7908,-477.5767,54.6855,752575935
854462780824,85,515.3358,503.4754,514.6017,-88.0956,-471.1368,-230.0927,752575932
854462780825,85,515.2164,503.5955,514.7781,51.7549,-21.4596,-95.8495,752575935
854462780826,85,515.0807,503.4078,514.794,-186.1798,262.5925,-324.3721,752575935
854462780827,85,515.2938,503.5038,514.8749,-104.9309,-137.9711,6.9049,752575935
854462780828,85,515.3085,503.4348,514.8718,-829.1796,-402.0095,-368.7109,752575935
854462780829,85,515.2631,503.4058,514.8684,-410.0521,184.5316,-530.5053,752575935
854462780830,85,515.2079,503.4703,514.9077,-766.5324,-155.9049,-222.174,752575935
854462780831,85,515.2703,503.4418,514.8641,-655.1342,339.4001,-312.5926,752575935
854462780832,85,515.4078,503.4407,515.0322,-578.262,-702.3524,-155.4182,752575935
854462780834,85,515.2368,503.3983,514.8875,-413.2919,25.063,-655.5602,752575935
854462780835,85,515.2233,503.4178,514.8566,-764.2175,-271.9511,-569.1556,752575935
854462780836,85,515.2578,503.4307,514.8635,-12.3356,-228.3952,-247.0815,752575935
854462780837,85,515.2502,503.4245,514.8729,-607.4445,-556.6896,-459.5451,752575935
854462780838,85,515.2502,503.4157,514.8707,17.4075,-42.7487,25.9279,752575935
854462780839,85,515.3571,503.304,514.9539,-383.765,-546.308,-302.3096,752575935
854462780840,85,515.1403,503.4095,514.7556,-435.7468,-391.6582,-20.5932,752575935
854462780841,85,515.246,503.4078,514.8649,-424.8386,142.7133,-310.9546,752575935
854462780842,85,515.3527,503.5065,514.878,-898.4451,-531.394,-402.5081,752575935
854462780843,85,515.3505,503.4637,514.9155,-745.0715,-721.4153,-261.8516,752575935
854462780844,85,515.2203,503.3878,514.8842,-280.4847,-144.6103,-150.2658,752575935
854462780845,85,515.2539,503.3424,514.9872,-807.0787,-745.5552,-151.2637,752575935
854462780846,85,515.1887,503.3701,514.9109,-612.6864,-280.4385,-537.5422,752575935
854462780847,85,515.227,503.4128,514.8778,-753.7027,-111.3217,-17.1632,752575935
854462780848,85,515.2188,503.4312,514.8694,-673.5085,-213.0631,-207.2091,752575935
854462780849,85,515.2334,503.422,514.6468,-490.1508,-156.7686,-604.3381,752575932
854462780850,85,515.255,503.4322,514.8616,10.5762,-311.2295,-189.3652,752575935
854462780851,85,515.5007,503.1521,514.9489,-609.9716,-237.6854,-284.2151,752575935
854462780852,85,515.2631,503.4174,514.8718,-342.9407,-34.299,-243.9366,752575935
854462780853,85,515.2761,503.4809,514.9756,-517.4688,-183.2799,-453.4654,752575935
854462780854,85,515.3408,503.3806,515.1227,-747.7753,-563.3385,-111.0805,752575935
854462780855,85,515.2196,503.454,514.8531,-580.2739,-146.3087,-253.2862,752575935
854462780856,85,515.3452,503.4425,514.8124,-352.8813,-285.5316,-375.2554,752575935
854462780857,85,515.3534,503.4276,514.9673,-1035.3126,-486.9158,-678.6492,752575935
854462780858,85,515.3549,503.3426,514.9668,-666.2543,-605.528,-339.2857,752575935
854462780859,85,515.3242,503.3977,514.8917,-107.6148,-284.9827,-193.6599,752575935
854462780860,85,515.1194,503.4346,514.7225,-437.1251,65.2999,-235.6099,752575935
854462780861,85,515.2385,503.4107,514.9135,-392.6337,-502.692,238.2909,752575935
854462780862,85,515.2554,503.3668,514.9601,-895.9995,-537.0284,-502.7208,752575935
854462780863,85,515.2272,503.4062,514.9032,21.2698,-315.8277,-386.4893,752575935
854462780864,85,515.2723,503.3957,514.8448,-201.6785,141.3339,-51.9187,752575935
854462780865,85,515.2631,503.4322,514.8647,-179.551,-50.2097,-75.6006,752575935
854462780866,85,515.1315,503.472,514.7466,-817.3167,-341.426,-479.285,752575935
854462780867,85,515.3262,503.4468,514.9828,-289.7155,-575.1533,-260.0755,752575935
854462780868,85,515.2746,503.4383,514.8029,-149.8471,-541.2202,-370.9932,752575935
854462780869,85,515.3399,503.2896,514.9145,-137.1807,-592.2476,-86.4954,752575935
854462780870,85,515.2504,503.3968,514.9072,-303.5425,-351.5677,-204.4914,752575935
854462780871,85,515.1607,503.395,514.7807,-16.0363,-90.9364,-241.086,752575935
854462780872,85,515.1671,503.3408,514.8451,-881.0663,-307.0762,-327.789,752575935
854462780873,85,515.3397,503.473,515.0138,-505.1508,-393.4606,119.2471,752575935
854462780874,85,515.5233,503.3278,515.1002,-282.462,-272.8252,-318.9605,752575935
854462780875,85,515.2228,503.3293,514.8097,-401.1593,-206.577,-512.7805,752575935
854462780876,85,515.291,503.4268,514.9015,-964.7999,-319.8832,-243.4881,752575935
854462780877,85,515.3058,503.4451,514.9497,-586.9312,-371.2443,272.2053,752575935
854462780878,85,515.261,503.358,514.9299,-1036.9198,-183.2137,-305.3717,752575935
854462780879,85,515.3247,503.3943,514.9443,-289.5966,-104.8159,-281.6985,752575935
854462780880,85,515.2595,503.4164,514.8699,-437.7188,-466.5819,-523.8661,752575935
854462780881,85,515.1934,503.3905,514.9222,-911.2893,-53.8512,-425.4182,752575935
854462780882,85,515.1698,503.462,514.8168,-134.3801,152.3468,-28.2113,752575935
854462780883,85,515.3109,503.4518,514.934,-710.4913,-423.0681,0.2458,752575935
854462780884,85,515.2305,503.4148,514.8808,-394.6013,-9.8837,-131.959,752575935
854462780885,85,515.2398,503.3925,514.8925,-545.5273,-619.1345,-216.4293,752575935
854462780886,85,515.2801,503.4057,514.9022,-999.1523,-502.0249,-298.2419,752575935
854462780887,85,515.2562,503.3988,514.8798,-765.2982,185.7909,-593.2074,752575935
854462780888,85,515.2719,503.409,514.8799,-776.9595,-554.4016,-106.8611,752575935
854462780890,85,515.3838,503.5647,514.9529,-442.5372,-23.7889,-124.5168,752575935
854462780891,85,515.2393,503.4257,514.8658,-214.4807,-76.1416,-161.0358,752575935
854462780892,85,515.4089,503.4124,515.1329,-306.0534,-315.1103,-186.2481,752575935
854462780893,85,515.3359,503.3838,514.9952,-431.8957,-326.743,-549.947,752575935
854462780894,85,515.257,503.4724,514.7513,-30.8827,-61.7038,-119.0589,752575935
854462780895,85,515.0475,503.3052,514.7807,-600.8406,-145.4669,-583.0191,752575935
854462780897,85,515.4686,503.2736,515.0085,-1115.5994,-59.0124,-664.1168,752575935
854462780899,85,515.1321,503.5436,514.9647,-759.1497,-254.0421,-16.8466,752575935
854462780900,85,515.3926,503.4134,514.9698,-409.7867,-644.3069,27.0626,752575935
854462780901,85,515.3181,503.4189,514.874,-107.2715,-741.6612,-453.3732,752575935
854462780902,85,515.237,503.5016,514.8786,-86.2177,277.3353,96.1881,752575935
854462780903,85,515.2104,503.5611,514.9506,-536.6591,69.0359,80.3323,752575935
854462780904,85,515.3986,503.0862,515.0894,-1191.7422,-261.4979,-398.8216,752575935
854462780907,85,514.6312,503.3971,514.7808,-277.012,-298.0719,-276.8943,752575934
854462780909,85,515.3138,503.1806,515.0576,-1179.8467,-330.4778,-229.5784,752575935
854462780910,85,515.3441,503.0017,515.1732,-1118.9769,-350.1135,-373.9104,752575935
854462780911,85,515.2954,503.1369,515.0135,-966.1032,-41.5725,-570.5427,752575935
854462780912,85,515.3887,503.0834,515.1087,-1022.8187,-118.884,-351.2083,752575935
854462797209,85,515.2062,503.3906,514.67,93.1492,-173.689,-370.2108,752575935
854462797210,85,514.8464,503.2882,514.86,-336.8709,-755.3039,-192.2621,752575935
854462797217,85,515.1171,503.3635,514.9595,-629.2199,-285.7513,-356.8142,752575935
854462797218,85,515.4336,503.4828,515.0635,-631.6918,-213.3255,-701.1959,752575935
854462797219,85,515.076,502.9781,515.0796,-382.3708,-231.635,-90.7615,752575935
854462797225,85,515.2213,503.3759,514.9313,-755.0735,-815.4003,303.1573,752575935
854462797226,85,515.267,503.4053,514.9881,-912.0784,-61.8394,86.9392,752575935
854462797227,85,515.3455,503.4439,515.1945,-964.5231,-293.1386,-350.7282,752575935
854462797233,85,515.2593,503.4385,514.8189,-382.5913,-231.6694,544.2156,752575935
854462797234,85,514.9103,503.3222,514.6575,-192.8909,-140.637,-505.4895,752575935
854462797235,85,515.6025,503.3466,514.9039,-648.9476,-466.1603,178.4894,752575935
854462797241,85,515.4594,503.3621,514.9984,-709.2074,-220.6838,-414.3529,752575935
854462797242,85,515.1632,503.187,514.9473,-630.2971,-116.1346,-229.5175,752575935
854462797249,85,515.2856,503.485,514.9628,-458.1404,-735.7218,-478.6287,752575935
854462797250,85,514.924,503.601,514.7228,-286.9194,41.4887,-598.3712,752575935
854462797259,85,515.4383,503.1674,515.0718,-1203.59,-335.8816,-399.3378,752575935
854462797265,85,515.3511,503.1494,515.0297,-1092.6482,-140.665,-388.5123,752575935
854462797266,85,515.3167,503.1682,515.0667,-1206.6378,-165.4255,-550.1473,752575935
854462797267,85,515.3449,503.2012,515.015,-1094.5157,-112.8591,-471.2368,752575935
854462797273,85,515.4103,503.0857,515.0242,-1147.9612,-259.7254,-437.4362,752575935
854462797274,85,515.3454,503.1557,515.0588,-1084.4271,-42.7389,-395.3389,752575935
854462797281,85,515.3541,503.1397,515.0671,-1076.3181,-113.6661,-476.1112,752575935
854462797282,85,515.3726,503.1229,515.0684,-1119.3762,-206.1299,-484.9751,752575935
854462797283,85,515.4159,502.9965,515.1324,-1171.7885,-231.8985,-441.5623,752575935
854462797289,85,515.337,503.0029,515.1512,-1166.7144,-209.5717,-366.3377,752575935
854463813000,85,515.2368,503.4933,514.761,-370.2257,-613.9088,-218.7495,752575935
854463813005,85,514.9832,503.7047,514.7919,79.2823,-206.6031,-267.396,752575935
854463813006,85,515.1164,503.4352,515.0321,-651.8428,279.8923,-580.8411,752575935
854463813007,85,515.0862,503.3187,515.0473,-432.027,310.9846,-570.1835,752575935
854463813014,85,515.1346,503.6349,514.6508,-235.8542,-461.4737,-630.9401,752575935
854463813015,85,515.2118,503.6226,515.0402,-609.7086,-85.2323,-478.8242,752575935
854463813016,85,515.4918,503.5926,514.9705,-672.6568,-133.0273,143.4777,752575935
854463813021,85,515.2397,503.3163,515.0679,-965.062,151.1163,-66.1556,752575935
854463813022,85,515.5135,503.2845,514.8945,-283.6839,-174.8,72.9337,752575935
854463813023,85,515.0162,503.3475,514.7589,-168.4416,-567.6311,-773.4058,752575935
854463813024,85,515.2103,503.4225,514.9787,-394.4107,-437.9412,-406.8951,752575935
854463813029,85,515.2346,503.3801,514.828,-832.9478,-279.6912,636.5319,752575935
854463813030,85,515.0638,503.7002,515.0521,-524.304,-572.5184,-624.9135,752575935
854463813031,85,515.235,503.3531,515.1546,-910.0817,-198.3534,-471.0172,752575935
854463813032,85,514.8242,503.2492,514.9576,-466.0251,-358.9134,-602.4976,752575935
854463813037,85,515.3481,503.5458,515.0404,-285.7949,173.2499,-579.7688,752575935
854463813038,85,514.9241,503.3992,515.0251,-572.4625,-275.5046,-644.7831,752575935
854463813039,85,515.4193,503.5034,514.9501,-492.6771,-407.5305,-683.8331,752575935
854463813040,85,515.3807,503.2752,515.0919,-621.9278,-324.4795,-324.4269,752575935
854463813046,85,515.2131,503.4863,514.5239,-265.9742,-136.3414,-328.7932,752575932
854463813047,85,515.4136,503.5305,514.5403,-253.2164,-246.5596,-438.2518,752575932
854463813048,85,515.2162,503.3706,514.8698,-607.4474,-137.0684,-63.649,752575935
854463813054,85,515.4784,503.3533,515.0656,-377.1012,-273.7344,-572.2012,752575935
854463813055,85,515.2206,503.1776,514.9024,-51.0479,-229.4974,89.785,752575935
854463813056,85,515.1965,503.3924,514.9057,-799.0074,-763.3187,-482.9966,752575935
854463813063,85,515.1212,503.333,514.7653,-170.9089,19.1396,-276.4841,752575935
854463813064,85,515.2374,503.4353,514.7839,-332.097,-86.1455,-242.5482,752575935
854463813072,85,515.2458,503.5844,514.7376,-488.0877,-236.9489,-11.7537,752575935
854463829372,85,515.5056,503.4304,515.3389,-551.9948,-382.419,-179.5755,752575935
854463829373,85,515.3032,503.4568,515.3237,-571.2425,-381.9251,-225.0826,752575935
854463829374,85,515.364,503.3328,515.3516,-597.855,-307.003,-275.8311,752575935
854463829377,85,515.2522,503.5748,514.818,-436.511,-597.7614,-314.5625,752575935
854463829378,85,515.4597,503.404,515.071,-1070.4403,-217.7713,-510.8877,752575935
854463829380,85,515.4564,503.6477,515.5039,-530.0302,-215.9663,29.4948,752575935
854463829381,85,515.3759,503.4675,515.2836,-573.5735,-355.9318,-273.2509,752575935
854463829382,85,515.4635,503.6163,515.4595,-587.1586,-240.7771,15.7672,752575935
854463829383,85,515.5067,503.6313,515.4657,-573.2782,-205.0689,26.9381,752575935
854463829385,85,515.2802,503.3616,514.8668,115.4409,-361.4029,-235.4111,752575935
854463829387,85,514.9446,503.5763,514.5215,-423.7073,-29.2285,-356.6837,752575932
854463829388,85,515.4605,503.324,515.1263,-672.7639,-505.8237,-34.2167,752575935
854463829389,85,515.1635,503.4387,514.9748,-685.2432,-112.3513,-823.7325,752575935
854463829393,85,515.2067,503.4863,514.8478,-369.9856,208.9508,-159.7538,752575935
854463829395,85,515.3912,503.5081,514.6985,49.2899,-261.8184,-304.3631,752575935
854463829396,85,515.2277,503.3931,514.8266,-357.7359,-435.4648,100.3866,752575935
854463829397,85,515.0955,503.3986,514.9479,-462.2197,-585.1976,-275.3097,752575935
854463829398,85,515.1821,503.2895,514.5788,-263.7969,-406.3109,-171.3067,752575932
854463829400,85,515.222,503.5551,514.6379,20.9759,-316.5994,-302.0815,752575932
854463829401,85,515.6062,503.5856,514.7794,-235.4218,-410.8274,-256.7774,752575935
854463829402,85,515.3101,503.1757,514.7366,-375.681,-434.3091,-198.2312,752575935
854463829403,85,515.3358,503.45,514.8873,-525.3491,-675.43,-46.2954,752575935
854463829404,85,515.2799,503.565,514.6829,-172.5403,-169.9174,-24.5645,752575935
854463829405,85,515.3817,503.5989,514.7791,-332.4318,-452.3582,164.9663,752575935
854463829406,85,515.2416,503.4093,514.8837,-903.036,-255.225,-180.7958,752575935
854463829407,85,515.2077,503.3645,514.8322,-132.4177,-487.6966,-86.2062,752575935
854463829409,85,515.235,503.5985,514.7245,-66.7733,-41.203,-212.5669,752575935
854463829410,85,515.2471,503.4141,514.888,-378.2963,-144.5901,-368.067,752575935
854463829411,85,515.2521,503.4084,514.8112,-784.5613,-331.5955,-318.9461,752575935
854463829412,85,515.2502,503.4092,514.8613,-781.9272,21.0373,42.7404,752575935
854463829413,85,515.2778,503.4021,514.9016,-424.5364,-136.5453,-256.9156,752575935
854463829414,85,515.2995,503.1209,514.937,-707.5556,-27.557,-309.537,752575935
854463829415,85,515.5189,503.4779,515.2124,-468.1774,-280.7366,-70.8534,752575935
854463829416,85,515.2531,503.5225,514.7675,-176.11,171.3838,-17.92,752575935
854463829417,85,515.2264,503.4001,514.8459,-519.1027,-334.5771,-75.6077,752575935
854463829418,85,515.2803,503.4221,514.8574,-71.766,-472.938,-263.7525,752575935
854463829419,85,515.4284,503.304,515.1151,-210.3069,-573.9773,80.6191,752575935
854463829420,85,515.2488,503.4417,514.8646,-272.6157,-327.1088,-312.6605,752575935
854463829421,85,515.2669,503.4103,514.8658,-445.7269,-609.0767,-248.4182,752575935
854463829422,85,515.2595,503.4176,514.806,-535.8774,-244.9065,96.7662,752575935
854463829423,85,515.2291,503.3369,514.9901,-704.124,-99.7598,-654.4196,752575935
854463829424,85,515.2005,503.4381,514.8508,-361.3948,-417.8323,-118.0164,752575935
854463829425,85,515.1329,503.3469,514.8455,68.103,-101.6036,-401.9536,752575935
854463829426,85,515.2441,503.2903,515.0299,-870.2965,-353.5266,-354.0585,752575935
854463829427,85,515.0573,503.4809,514.6959,-429.6654,184.2755,-484.0512,752575935
854463829428,85,515.3415,503.4354,514.909,-686.0514,-329.1269,-276.1355,752575935
854463829429,85,515.2422,503.4142,514.8766,-833.7339,-270.6622,-42.3,752575935
854463829430,85,515.3038,503.452,514.8719,-274.0444,-299.9349,-489.6475,752575935
854463829431,85,515.4661,503.6193,514.8168,-370.701,-535.0496,-306.9737,752575935
854463829432,85,515.2379,503.3983,514.871,-485.7617,74.5559,-224.2765,752575935
854463829433,85,515.2354,503.3853,514.8029,-199.6267,-536.4921,-466.9513,752575935
854463829434,85,515.3171,503.4279,514.8967,-352.3447,-239.0486,-380.2226,752575935
854463829435,85,515.0587,503.4474,514.8021,-163.2562,-398.4782,-163.6654,752575935
854463829436,85,515.097,503.5164,514.6765,-214.6051,95.3315,-437.9475,752575935
854463829437,85,515.4258,503.0433,515.0418,-610.6691,-164.1577,-226.9928,752575935
854463829438,85,515.2645,503.4262,514.8231,-406.0921,-346.3662,-101.424,752575935
854463829439,85,515.2046,503.2138,515.0078,-585.1625,-373.3194,-529.1367,752575935
854463829440,85,515.3386,503.4327,514.9294,-839.4265,-498.0412,55.5046,752575935
854463829441,85,515.2556,503.539,514.8845,-712.3758,-474.3516,-1.3394,752575935
854463829442,85,515.0641,503.2567,514.9498,-447.1883,-281.4784,-464.8145,752575935
854463829443,85,515.2482,503.4275,514.8787,143.3955,-40.1756,-161.7324,752575935
854463829444,85,515.2892,503.4543,514.8564,-751.8729,-471.2532,-123.5545,752575935
854463829445,85,515.5133,503.4626,514.8164,-740.1493,-368.3183,-134.3065,752575935
854463829446,85,515.2494,503.4071,514.8851,-447.2541,30.103,180.5934,752575935
854463829447,85,515.2548,503.435,514.9493,-502.7714,-573.5805,-625.3602,752575935
854463829448,85,515.2117,503.3635,514.8611,-650.7131,-121.1477,-291.0602,752575935
854463829449,85,515.0663,503.3308,514.6459,-309.8375,-239.7452,100.5806,752575932
854463829450,85,515.2552,503.4053,514.8851,-366.8736,-629.2231,-170.3319,752575935
854463829451,85,515.207,503.445,514.7743,-442.9653,-81.0488,-511.9011,752575935
854463829452,85,515.1825,503.468,514.8297,-554.6423,-515.5571,-161.5929,752575935
854463829453,85,515.2474,503.4063,514.8754,-394.5974,-360.6544,-528.5045,752575935
854463829454,85,515.2983,503.4961,514.8594,-371.6947,-93.2343,-145.1307,752575935
854463829455,85,515.2349,503.4115,514.8685,-715.7103,-327.8051,-108.465,752575935
854463829456,85,515.3288,503.4164,514.8967,-631.2445,-320.0327,-316.7134,752575935
854463829457,85,515.071,503.519,514.6346,-596.645,-8.4162,-377.5357,752575932
854463829458,85,515.0601,503.3247,515.0269,-592.0584,-358.8996,-815.8925,752575935
854463829459,85,515.3157,503.4523,514.9551,-754.3298,-451.5324,-605.5686,752575935
854463829460,85,515.2687,503.4733,514.8318,-420.7166,74.975,-138.9557,752575935
854463829461,85,515.2573,503.4645,514.8398,-741.4612,-387.6038,-358.7147,752575935
854463829462,85,515.2568,503.4372,514.86,98.7976,-440.1029,-362.1579,752575935
854463829463,85,515.2402,503.4208,514.8677,-326.1561,-362.1521,-626.2728,752575935
854463829464,85,515.3182,503.4459,514.8835,-827.9235,-147.7161,-771.4248,752575935
854463829466,85,515.5703,503.3177,515.05,-385.4471,-254.5833,-364.3579,752575935
854463829467,85,515.2137,503.5293,514.7187,-255.218,-28.8078,-336.7285,752575935
854463829468,85,515.2631,503.4565,514.8578,-178.9787,-180.1407,183.0499,752575935
854463829469,85,514.9986,503.2217,514.9167,-529.13,-70.6772,-474.0798,752575935
854463829470,85,515.2075,503.4664,514.929,-151.0939,-314.9196,-147.2424,752575935
854463829471,85,515.3173,503.4415,514.8933,-591.951,-827.7407,20.7921,752575935
854463829472,85,515.2891,503.3857,514.9794,-1094.8427,-170.3096,-755.7549,752575935
854463829475,85,515.3405,503.4694,514.9414,-346.2981,58.9233,-344.1522,752575935
854463829476,85,515.338,503.4888,514.7722,-185.2915,-448.676,-42.7979,752575935
854463829477,85,515.1524,503.3056,514.9617,-751.2944,-546.0688,-316.966,752575935
854463829478,85,515.2094,503.3893,514.9594,-695.5325,-361.9483,23.6129,752575935
854463829479,85,515.3442,503.558,514.9225,-2.4963,-208.9156,-161.0252,752575935
854463829480,85,515.3731,503.0833,515.0283,-1167.2212,-201.5,-449.6766,752575935
854463829483,85,515.9578,503.4223,515.0079,-1023.9807,-378.102,-405.0578,752572992
854463829484,85,515.2305,503.341,514.9833,-1331.3636,-359.301,-590.8408,752575935
854463829485,85,514.7025,503.41,514.7726,-834.1309,-69.0487,-580.147,752575935
854463829486,85,514.8684,503.3228,514.8749,-953.2946,-52.1253,-625.8745,752575935
854463829487,85,514.9048,503.4762,514.7776,-780.5809,96.5788,-540.8085,752575935
854463829488,85,514.9686,503.2033,515.0817,-996.1204,-50.3124,-504.9919,752575935
854463845785,85,514.908,503.3132,514.8267,-384.1725,-34.4118,-742.9763,752575935
854463845786,85,515.0979,503.5072,514.6486,-192.5461,58.4697,-463.5624,752575935
854463845793,85,515.5573,503.5376,515.0202,-544.6739,-333.3857,132.8952,752575935
854463845794,85,515.2411,503.4451,514.8756,-162.7323,-827.4774,-485.8699,752575935
854463845802,85,515.1996,503.6483,514.5899,-406.025,-300.9719,-392.8286,752575932
854463845803,85,515.1447,503.3646,514.9052,204.7084,-14.7881,82.6197,752575935
854463845809,85,515.2974,503.3653,514.858,-523.9671,-666.6742,-23.3345,752575935
854463845810,85,515.4449,503.5544,514.7815,-49.6037,-253.9095,-283.0697,752575935
854463845811,85,515.2784,503.4706,514.8576,-158.9998,-316.31,-336.052,752575935
854463845817,85,515.1622,503.3757,514.912,-535.4339,-504.978,90.9736,752575935
854463845818,85,515.5034,503.6008,514.8252,-563.6093,-281.5383,-39.3137,752575935
854463845819,85,515.5048,503.2812,515.0995,-870.4739,-279.4758,102.0919,752575935
854463845825,85,515.4436,503.5225,514.8989,-340.5314,-369.7975,-440.1967,752575935
854463845827,85,514.9005,503.4515,514.6967,-315.1796,120.7973,-658.7497,752575935
854463845834,85,515.3403,503.1386,515.0477,-1091.273,-196.6297,-450.47,752575935
854463845835,85,515.2928,503.1828,515.0561,-1006.4614,-48.1828,-517.7719,752575935
854463845836,85,515.0918,503.5185,514.7908,-808.8827,135.3611,-660.8813,752575935
854463845841,85,515.076,503.4173,514.8919,-866.955,90.694,-812.0471,752575935
854463845842,85,515.3497,503.158,515.059,-1085.6973,-235.0518,-444.2777,752575935
854463845843,85,515.4355,503.1608,514.9861,-1130.327,-257.3115,-370.1626,752575935
854463845844,85,515.0851,503.5006,514.7562,-803.6176,1.5671,-717.3345,752575935
854463845849,85,515.3657,503.1393,515.088,-1068.243,-209.6729,-472.3229,752575935
854463845850,85,515.3429,503.1295,515.0289,-1142.9816,-109.4752,-510.6486,752575935
854463845851,85,515.3232,503.1338,515.0875,-1149.1029,-185.4621,-413.6808,752575935
854463845852,85,515.4136,502.9792,515.265,-968.6697,-108.9913,-456.1429,752575935
854463845857,85,515.4035,503.0582,515.1135,-1070.8503,-239.9513,-456.3066,752575935
854463845858,85,515.3074,503.1295,515.0879,-1201.0233,-148.0043,-440.364,752575935
854463845859,85,515.4699,503.0187,515.2448,-961.8403,-254.5453,-499.6487,752575935
854464861575,85,515.3254,503.3506,514.6773,-547.0839,-339.2864,-332.3822,752575935
854464861576,85,515.28,503.1844,514.7287,-443.6711,-288.1698,-342.4151,752575935
854464861582,85,515.2303,503.509,514.5197,-226.9025,-543.2659,-491.9406,752575932
854464861583,85,515.3301,503.3856,514.6224,-242.0113,-116.4319,103.0529,752575932
854464861584,85,515.2013,503.2859,514.7424,-576.4248,-326.4517,-688.0751,752575935
854464861588,85,515.2679,503.5665,514.8661,303.9203,-84.976,-299.2086,752575935
854464861591,85,515.1165,503.5203,514.8643,-209.3056,-360.9394,-305.7714,752575935
854464861592,85,515.2399,503.3308,514.9313,-899.0178,70.8277,-310.1686,752575935
854464861597,85,515.2314,503.303,515.2995,-831.4273,-19.5109,-340.0954,752575935
854464861598,85,515.5618,503.292,514.787,-208.6739,-245.4995,-75.2277,752575935
854464861599,85,515.2316,503.521,514.8108,-594.4905,-177.7673,-18.2906,752575935
854464861600,85,515.1269,503.1076,514.8692,-681.3785,-222.0391,-312.0384,752575935
854464861605,85,515.2845,503.419,514.6602,-185.8692,-552.4249,104.9096,752575935
854464861606,85,515.0999,503.4204,514.8203,-64.7645,-785.2628,-641.0768,752575935
854464861607,85,515.1611,503.333,514.6499,-68.6615,1.8347,-593.7477,752575935
854464861608,85,514.9013,503.2644,514.9625,-512.0854,-337.015,-699.1605,752575935
854464861612,85,515.7264,503.6747,514.9734,-909.7063,27.4435,-526.8986,752572992
854464861614,85,515.1377,503.481,514.9526,-429.9719,-357.5438,-884.7977,752575935
854464861615,85,515.2097,503.427,514.9419,-128.9276,-488.0486,-477.3617,752575935
854464861621,85,515.0045,503.3612,514.8366,-973.9921,-647.3787,87.4126,752575935
854464861622,85,515.2098,503.3865,514.9788,-127.4769,-443.1216,343.2927,752575935
854464861623,85,515.3509,503.4282,514.7546,-377.5974,-295.4232,299.314,752575935
854464861624,85,515.259,503.427,514.8649,-247.421,101.365,-522.767,752575935
854464861629,85,515.9232,503.6001,514.8529,-946.5172,-244.7041,-497.1125,752572992
854464861630,85,515.2473,503.4584,514.7247,-779.7722,-493.6632,293.8825,752575935
854464861631,85,515.3323,503.3365,514.799,-153.7922,-135.462,66.561,752575935
854464861632,85,515.2155,503.4106,514.8907,-826.618,-21.093,-437.5258,752575935
854464861639,85,515.2051,503.5159,514.7798,-1047.95,-271.4467,-271.8466,752575935
854464861640,85,515.1254,503.3845,514.8774,-729.1189,-168.644,-812.5311,752575935
854464861647,85,515.3896,503.5067,514.8972,-1343.1423,-105.9048,-513.0369,752575935
854464861648,85,515.4869,503.6569,514.8602,-683.8451,-653.6432,-338.7552,752575935
854464877941,85,515.6675,503.656,515.386,-436.3148,-163.2701,142.777,752572992
854464877947,85,515.3032,503.5036,515.3665,-626.4171,-345.5905,-163.8144,752575935
854464877948,85,515.4205,503.5074,515.4262,-521.6777,-338.6339,-85.2498,752575935
854464877949,85,515.418,503.4452,515.2845,-576.6059,-336.5954,-273.9734,752575935
854464877950,85,515.3539,503.438,515.4186,-594.5201,-358.8084,-117.1304,752575935
854464877951,85,515.4298,503.6444,515.3695,-581.8723,-267.7026,-86.6935,752575935
854464877953,85,515.2422,503.3252,514.7891,-584.1406,199.4194,-132.2287,752575935
854464877954,85,515.1932,503.1805,515.0148,-742.9677,-709.9107,-271.76,752575935
854464877956,85,515.3552,503.4629,515.3508,-600.4313,-348.7941,-182.4614,752575935
854464877957,85,515.3129,503.387,515.098,-622.8989,-388.451,-597.4407,752575935
854464877958,85,515.3726,503.3932,515.2912,-595.205,-383.184,-257.0111,752575935
854464877959,85,515.5577,503.6417,515.5021,-462.3652,-168.3231,101.1255,752575935
854464877960,85,515.4773,503.5736,515.3659,-522.5153,-344.0869,-131.2509,752575935
854464877961,85,514.9882,503.2416,514.8276,-449.8203,12.3852,-179.3179,752575935
854464877962,85,515.1611,503.4467,515.0016,-664.8693,-591.4266,-582.2148,752575935
854464877963,85,515.3263,503.4574,514.6085,-515.4884,-495.2079,-408.0685,752575932
854464877964,85,515.1512,503.4615,514.8697,-529.866,-285.9598,-945.0986,752575935
854464877965,85,515.1574,503.3632,514.6356,-368.9474,-282.3704,-301.0645,752575932
854464877966,85,515.0719,503.602,515.0394,-479.5016,-848.0945,-516.832,752575935
854464877967,85,515.1153,503.5601,515.0721,-525.9307,-828.423,-612.1921,752575935
854464877968,85,514.9639,503.1891,514.8338,-106.626,-589.7589,-50.2092,752575935
854464877970,85,515.0217,503.3223,515.1479,-596.455,-275.0027,-302.1774,752575935
854464877971,85,515.2283,503.406,514.952,-794.0663,-575.206,-556.7524,752575935
854464877972,85,515.0526,503.4049,514.8984,-735.58,-522.0978,-512.5843,752575935
854464877973,85,515.2453,503.4851,514.8707,-273.0083,-365.3379,-689.8193,752575935
854464877974,85,515.1808,503.3953,514.5526,-355.0042,-443.6674,-638.8945,752575932
854464877975,85,515.1644,503.3474,514.7957,-60.3034,-268.4854,-199.0852,752575935
854464877976,85,515.3994,503.4276,515.0667,-812.3951,-484.6403,-26.5394,752575935
854464877977,85,515.2455,503.33,514.6934,-205.8542,-5.4352,-222.2716,752575935
854464877978,85,515.3038,503.4425,514.8763,-182.4869,-356.0031,131.9753,752575935
854464877979,85,515.2459,503.4224,514.9031,-167.0524,-462.3003,-294.1214,752575935
854464877980,85,515.3217,503.442,514.9319,-826.5745,-698.6876,-268.8143,752575935
854464877981,85,515.2655,503.4119,514.8674,-127.5687,-356.2848,-433.4868,752575935
854464877982,85,515.2068,503.516,514.8087,-312.3894,-10.4386,-343.7077,752575935
854464877983,85,515.2819,503.4067,514.941,-751.0231,-851.8764,-701.4875,752575935
854464877984,85,514.9234,503.2083,515.0045,-516.7159,-63.2641,-743.6188,752575935
854464877985,85,515.2399,503.4429,514.9018,-701.5388,-643.4406,-220.2944,752575935
854464877986,85,515.2444,503.4095,514.8849,-510.8762,-140.1899,-325.4469,752575935
854464877987,85,515.3033,503.4159,514.8959,-816.9602,-295.4329,-482.5255,752575935
854464877988,85,515.2144,503.3983,514.8578,-569.3883,-343.2145,-281.2786,752575935
854464877989,85,515.2357,503.4302,514.8745,-610.1562,-53.2588,-515.5889,752575935
854464877990,85,515.2634,503.4658,514.8045,-147.0953,-628.8996,144.4231,752575935
854464877991,85,515.233,503.4611,514.8575,-398.8489,-478.3921,-214.344,752575935
854464877992,85,515.217,503.4046,514.8187,-635.64,-484.2931,-622.2699,752575935
854464877993,85,515.2679,503.4678,514.8585,-318.7537,-364.6773,-227.91,752575935
854464877994,85,515.2407,503.399,514.8798,-648.0883,-214.3576,-110.9433,752575935
854464877995,85,515.1799,503.3427,514.8054,-521.2166,-634.8878,-254.2479,752575935
854464877996,85,515.2432,503.4165,514.8728,-642.788,-380.1363,-189.3015,752575935
854464877997,85,515.38,503.4119,514.9019,-548.4518,-551.9007,-344.1299,752575935
854464877998,85,515.0524,503.3159,515.1026,-508.8798,-278.6593,-702.1116,752575935
854464877999,85,515.2413,503.4094,514.8763,-763.231,-295.8312,-587.4431,752575935
854464878000,85,515.2848,503.4956,514.906,-904.8721,-487.3646,-223.2514,752575935
854464878001,85,515.3914,503.3634,514.9574,-646.8652,-521.9979,-251.5284,752575935
854464878002,85,515.2596,503.423,514.8828,-865.3721,-641.6063,75.4558,752575935
854464878003,85,515.2394,503.3796,514.8815,-352.1219,-551.5327,-301.1604,752575935
854464878004,85,515.27,503.4756,514.8321,-146.1381,-267.1793,-104.7924,752575935
854464878005,85,515.3254,503.4404,514.9414,-557.8032,-418.7912,-317.4609,752575935
854464878006,85,515.1967,503.4272,514.9439,-658.592,-574.4394,-345.0266,752575935
854464878007,85,515.291,503.4447,514.8732,-134.9869,-238.7476,-305.504,752575935
854464878008,85,515.2544,503.4142,514.8818,-535.292,77.1391,-452.4423,752575935
854464878009,85,515.1107,503.1963,515.023,-647.7776,-92.9508,-241.8815,752575935
854464878010,85,515.2099,503.4481,514.8166,-377.6737,-103.8385,-441.0182,752575935
854464878011,85,515.2382,503.3653,514.9228,-656.17,-670.5745,-56.9069,752575935
854464878012,85,515.2363,503.4114,514.8817,-741.1343,150.2863,-369.6967,752575935
854464878013,85,515.2779,503.5154,514.8557,-208.2482,13.5731,-269.2862,752575935
854464878014,85,515.0032,503.406,515.1585,-716.0478,-525.4202,-457.8253,752575935
854464878015,85,515.3745,503.431,515.1352,-454.4107,-225.2764,-345.2877,752575935
854464878016,85,515.2792,503.4531,514.8633,-570.084,-196.2193,-159.976,752575935
854464878017,85,515.2621,503.429,514.8638,-53.3369,-260.7448,-418.6145,752575935
854464878018,85,515.3225,503.4588,514.9234,-448.4754,-521.811,104.7795,752575935
854464878019,85,515.2166,503.4084,514.9068,-184.5357,-319.8431,-734.1373,752575935
854464878020,85,515.2781,503.4301,514.8898,-518.8985,-10.7356,155.1395,752575935
854464878021,85,515.3091,503.4034,514.9377,-236.8875,-665.7415,-37.245,752575935
854464878022,85,515.3726,503.4173,514.9143,-1063.0087,18.7358,-614.9926,752575935
854464878023,85,515.2169,503.3568,514.8912,-908.5365,-429.9248,-171.66,752575935
854464878024,85,514.9525,503.2331,514.9095,-395.4989,-488.2763,-175.5514,752575935
854464878025,85,515.3174,503.4809,514.8118,-555.5715,159.5103,-279.0604,752575935
854464878026,85,515.2778,503.4203,514.9395,-435.9771,265.9946,-120.2053,752575935
854464878027,85,515.4604,503.0519,515.0896,-523.268,-161.1554,-312.7731,752575935
854464878028,85,515.2567,503.4035,514.8659,-649.1665,-459.4951,234.7875,752575935
854464878029,85,515.2195,503.3782,514.9096,-1153.2026,-580.9453,-386.4577,752575935
854464878030,85,515.1351,503.3445,514.8533,-265.8198,80.0392,-67.8772,752575935
854464878031,85,515.3099,503.4217,514.7817,-572.3833,-39.5952,-296.9684,752575935
854464878032,85,515.2905,503.5036,514.9423,-577.685,-682.1344,-433.834,752575935
854464878034,85,515.1713,503.3586,514.8632,-138.5616,-562.0114,413.1039,752575935
854464878035,85,515.3091,503.4366,514.9227,-275.9264,-117.9962,-243.7719,752575935
854464878036,85,515.1091,503.2791,514.8939,-472.8742,116.3599,-261.2725,752575935
854464878037,85,515.0933,503.5043,515.0024,-633.0707,-190.5275,-384.2364,752575935
854464878038,85,515.2254,503.4085,514.8593,-223.4745,-283.8169,-441.3012,752575935
854464878039,85,515.0233,503.2457,514.8417,-332.3958,78.1743,-606.7825,752575935
854464878040,85,515.1619,503.3581,514.8652,-409.999,-428.2178,-554.7281,752575935
854464878043,85,515.4215,503.41,514.9702,-303.6252,-311.8781,-78.4438,752575935
854464878044,85,515.5024,503.5978,514.8574,-147.8331,-349.0607,-204.819,752575935
854464878045,85,515.3059,503.4363,514.8448,-529.0475,-888.61,-480.3742,752575935
854464878046,85,515.3745,503.4729,514.9082,-582.3623,-368.3411,-114.2777,752575935
854464878047,85,515.2578,503.4745,514.8317,-227.7913,-584.2349,-222.1514,752575935
854464878048,85,515.1566,503.4425,514.7781,-355.6326,-670.9296,92.9966,752575935
854464878053,85,515.4454,503.5909,515.0078,-671.2111,-306.558,-518.4117,752575935
854464878054,85,515.0887,503.4029,514.9135,19.2578,-31.3454,-295.0466,752575935
854464878055,85,515.1811,503.3075,514.8148,-932.4056,-563.1415,-735.3073,752575935
854464878056,85,515.3202,503.218,515.0571,-1092.4443,-174.1339,-477.2413,752575935
854464878060,85,515.0476,503.3629,514.8958,-1152.8553,-89.6108,-684.6829,752575935
854464878061,85,515.8965,503.4013,515.0471,-1048.1357,-399.4367,-348.3922,752572992
854464894345,85,515.4565,503.1656,515.0743,-114.8735,-161.8537,-148.9559,752575935
854464894346,85,515.1648,503.2292,514.7759,-4.1129,222.9321,-157.8499,752575935
854464894353,85,515.1761,503.3606,515.0531,-753.9241,-349.4678,-557.4682,752575935
854464894361,85,515.2944,503.5889,514.6505,-110.5362,-61.4848,-255.5805,752575935
854464894362,85,515.1123,503.4909,514.6802,-92.2846,-22.0856,-520.6136,752575935
854464894363,85,514.9429,503.205,515.093,-190.7186,-118.2235,-555.6387,752575935
854464894369,85,515.5009,503.5505,514.9724,-578.6875,-517.9174,90.53,752575935
854464894370,85,515.0999,503.3438,515.081,-824.3046,-124.0165,-646.1268,752575935
854464894371,85,515.1454,503.2904,514.9161,-605.5947,-563.1133,-111.9462,752575935
854464894372,85,515.6439,503.7603,514.9158,-827.1926,-258.7801,-496.881,752572992
854464894373,85,515.4474,503.1429,515.1132,-107.8845,-370.0672,64.2114,752575935
854464894377,85,515.029,503.227,514.8672,-195.8778,95.7495,-388.661,752575935
854464894378,85,515.2774,503.415,514.7974,-496.4784,-453.7813,-556.6376,752575935
854464894379,85,515.6328,503.4759,514.8401,-123.6992,-337.2099,-420.7874,752572992
854464894380,85,515.4205,503.3369,514.9395,-972.6215,-93.5437,116.5378,752575935
854464894385,85,515.2643,503.4268,514.8796,-820.9213,-984.6779,-414.1722,752575935
854464894386,85,515.0464,503.2617,514.9178,-284.2796,66.9852,-522.2285,752575935
854464894387,85,515.0822,503.4387,514.95,-1015.0547,-291.7148,-70.9625,752575935
854464894388,85,515.5967,503.2607,514.8985,-484.5643,-453.6401,143.5764,752575935
854464894393,85,515.4534,503.5186,514.8285,-8.9064,-338.5149,-260.8061,752575935
854464894394,85,515.1989,503.3973,514.8781,-599.9429,-85.1081,219.92,752575935
854464894395,85,515.3063,503.4784,514.9749,-629.0244,-927.1262,-282.3232,752575935
854464894396,85,514.8549,503.5893,514.9142,-360.3153,30.3035,-656.5829,752575935
854464894401,85,515.2335,503.4117,514.9089,-261.7403,-548.1869,-190.0118,752575935
854464894402,85,515.5034,503.3717,514.7265,-533.1317,-574.077,193.4016,752575935
854464894410,85,515.3085,503.0905,515.0234,-985.0292,-224.2701,-545.9808,752575935
854464894411,85,515.4103,503.1562,515.0276,-1045.5872,-247.0308,-505.555,752575935
854464894412,85,515.4377,503.0914,515.1454,-1132.2506,-233.3758,-515.4843,752575935
854464894417,85,515.0544,503.4261,514.8724,-836.7783,110.3513,-756.0065,752575935
854464894418,85,515.3654,503.0611,515.0872,-1071.3984,-243.2259,-485.4083,752575935
854464894419,85,515.4164,503.1253,515.0013,-1124.4529,-257.9307,-358.7466,752575935
854464894420,85,515.3227,503.1649,514.9948,-1165.7831,-110.7332,-487.023,752575935
854464894425,85,515.3653,503.1176,515.0752,-1096.7988,-210.8472,-466.3625,752575935
854464894426,85,515.3588,503.0993,515.0952,-1061.9391,-229.1319,-562.3626,752575935
854464894427,85,515.2821,503.1623,515.0112,-975.4585,-116.551,-549.1886,752575935
854464894428,85,515.3539,503.276,514.9516,-1190.5424,-174.8115,-595.457,752575935
854464894433,85,515.4221,503.0208,515.1041,-1020.2336,-234.8945,-430.4238,752575935
854464894434,85,515.1847,503.0869,515.1802,-944.8041,-123.6382,-536.0552,752575935
854465910150,85,515.2467,503.3361,515.2741,-784.4614,-47.8855,-569.6243,752575935
854465910152,85,515.555,503.5656,515.1012,-464.7025,-386.5916,-337.02,752575935
854465910158,85,515.0626,503.5767,514.8314,-493.4553,-473.5207,-587.7532,752575935
854465910159,85,514.9391,503.3993,514.8112,-390.0351,-426.2374,-570.0609,752575935
854465910160,85,515.3575,503.3893,514.774,-270.0718,-69.261,94.8728,752575935
854465910164,85,515.8968,503.6053,514.8375,-323.6972,-396.6358,-272.8274,752572992
854465910165,85,515.259,503.2917,515.2452,-809.2074,20.4062,-419.5188,752575935
854465910166,85,515.2244,503.5434,514.8786,-627.6868,-171.3475,166.3654,752575935
854465910167,85,515.2999,503.5338,515.1875,-503.5174,-348.6758,-154.9182,752575935
854465910168,85,515.2819,503.4338,514.7919,110.4778,-117.204,-424.7532,752575935
854465910171,85,515.1801,503.3992,514.9214,-189.2955,626.8066,-497.0702,752575935
854465910173,85,514.9953,503.6243,514.7614,-379.4692,-142.7482,-645.9171,752575935
854465910174,85,515.1764,503.5035,514.8474,-331.2203,-366.8036,-690.5922,752575935
854465910175,85,515.0364,503.231,514.8352,-499.6129,-107.656,-616.9344,752575935
854465910176,85,514.913,503.2982,514.8035,-669.8811,-111.2247,-407.7706,752575935
854465910181,85,515.3194,503.3504,515.2076,-593.6148,-73.3767,-140.1398,752575935
854465910182,85,515.4274,503.1767,514.7997,-129.7564,-380.9258,-106.5552,752575935
854465910183,85,515.2059,503.3862,514.9891,-886.4872,-137.2286,2.9706,752575935
854465910184,85,515.1423,503.41,514.8365,-465.2948,19.7819,-399.4513,752575935
854465910190,85,515.2353,503.4822,514.9517,-816.1014,-491.1322,-854.0951,752575935
854465910191,85,515.3964,503.3824,514.7449,-469.9487,-164.352,94.9962,752575935
854465910192,85,515.136,503.0938,514.9655,-564.2546,40.607,-474.5155,752575935
854465910197,85,515.9023,503.593,514.8878,-966.3832,-251.9479,-474.4651,752572992
854465910198,85,514.8125,503.1262,514.8314,-189.7824,-45.3427,-146.3759,752575935
854465910199,85,515.3155,503.4928,514.9553,-606.9229,-32.2508,180.1964,752575935
854465910200,85,515.2056,503.1377,515.1535,-558.8832,-132.4299,-509.7704,752575935
854465910207,85,515.4766,503.4574,514.9099,-761.9964,-313.5682,-177.1761,752575935
854465910208,85,515.1922,503.4163,514.8187,-297.5263,390.2985,-735.0567,752575935
854465910216,85,515.3822,503.3436,515.2059,-860.0416,-301.7482,-461.8259,752575935
854465926521,85,515.4606,503.7084,515.5269,-553.7087,-277.8532,-264.8374,752575935
854465926524,85,515.4379,503.5035,515.4811,-603.9861,-278.0838,-17.8407,752575935
854465926525,85,515.4404,503.5721,515.4534,-583.3603,-249.705,-46.577,752575935
854465926526,85,515.4047,503.4175,515.3338,-526.1401,-345.5405,-240.0914,752575935
854465926527,85,515.39,503.4341,515.3894,-629.2274,-413.7936,-110.6046,752575935
854465926529,85,514.9959,503.4554,514.7722,-203.6358,-174.3849,-297.5736,752575935
854465926530,85,515.1598,503.2501,514.9672,-959.1183,-670.8434,-369.1672,752575935
854465926531,85,515.176,503.6014,514.6957,-317.978,-68.3871,-189.3314,752575935
854465926532,85,515.3013,503.468,515.2562,-644.8099,-324.4873,-337.1641,752575935
854465926533,85,515.4442,503.5452,515.4784,-577.4374,-274.5865,-35.4366,752575935
854465926534,85,515.4296,503.5102,515.4681,-593.3109,-287.3417,-53.8404,752575935
854465926535,85,515.5916,503.6341,515.5318,-431.0135,-182.1193,102.5218,752575935
854465926536,85,515.6151,503.5719,515.2051,-365.0941,-251.938,171.138,752575935
854465926537,85,514.9542,503.2302,514.8969,-805.6725,-371.0092,-381.662,752575935
854465926538,85,515.4379,503.5396,514.8494,-550.4821,-466.2299,-500.6155,752575935
854465926539,85,515.3423,503.4604,514.7936,-394.3616,-252.1666,-177.9275,752575935
854465926540,85,515.265,503.3264,515.1051,-620.7821,-496.575,-450.3667,752575935
854465926541,85,515.2347,503.4292,515.0759,-817.2585,-351.5243,-570.6318,752575935
854465926542,85,515.153,503.388,514.9251,-485.0251,-113.7542,-877.1422,752575935
854465926545,85,515.1304,503.3894,514.8561,-877.7811,-375.5479,-271.9411,752575935
854465926546,85,515.3342,503.4202,514.972,-480.8987,-330.8896,331.896,752575935
854465926547,85,515.0153,503.5499,515.0728,-712.9979,-246.1594,-354.7084,752575935
854465926548,85,515.1769,503.4938,514.8781,-566.8505,-666.6881,-45.6346,752575935
854465926549,85,515.274,503.2656,514.9388,-608.3824,5.3121,-331.2846,752575935
854465926550,85,515.4342,503.5058,514.9647,-289.341,-373.12,-82.7244,752575935
854465926553,85,515.0349,503.4386,514.7518,-174.7285,-457.7555,-455.1939,752575935
854465926554,85,515.0947,503.3885,514.8218,-382.9115,54.819,-255.6173,752575935
854465926555,85,515.6873,503.4002,514.951,-166.6368,-271.138,-227.5847,752572992
854465926557,85,515.4285,503.5551,514.9258,-454.9735,-422.3059,174.6405,752575935
854465926558,85,515.1646,503.619,514.7258,-134.9085,-258.8807,-133.6606,752575935
854465926559,85,515.3319,503.3539,514.9875,-681.7322,-519.3034,74.778,752575935
854465926560,85,515.2039,503.5148,514.6488,-36.2296,-119.0038,-386.9402,752575935
854465926561,85,515.2768,503.4254,514.8988,-899.0076,-558.246,-193.1402,752575935
854465926562,85,515.0823,503.1393,515.2875,-642.6735,-522.954,-202.2936,752575935
854465926563,85,515.2823,503.4212,514.9341,-201.6373,-368.293,60.1236,752575935
854465926564,85,515.2621,503.4318,514.8806,-391.6416,-302.476,-282.8173,752575935
854465926565,85,514.9861,503.0107,515.1014,-678.1541,-422.7974,-349.7565,752575935
854465926566,85,515.0345,503.0177,515.1734,-604.9635,-276.5764,-408.9002,752575935
854465926567,85,515.2358,503.3609,514.913,-430.6775,-429.7303,-489.9499,752575935
854465926568,85,515.2522,503.4367,514.9193,-409.8912,-28.2939,-629.4935,752575935
854465926569,85,515.2321,503.3564,514.9105,-529.0478,-611.4392,-165.9211,752575935
854465926570,85,515.2462,503.3593,514.8791,-326.2224,-387.452,-313.0661,752575935
854465926571,85,515.2646,503.4237,514.8946,-534.5381,211.7753,-318.6525,752575935
854465926572,85,515.2656,503.4216,514.8882,-557.4736,-457.4927,-388.0725,752575935
854465926573,85,515.2986,503.4113,514.9005,-957.7584,-115.5928,-466.2627,752575935
854465926574,85,515.2624,503.4199,514.8658,-526.3542,-304.8153,-729.2485,752575935
854465926575,85,515.1929,503.4389,514.8047,-456.5765,23.2071,-394.0464,752575935
854465926576,85,515.1675,503.0187,515.1977,-553.0864,-178.2348,-365.5878,752575935
854465926577,85,515.1252,503.288,514.8257,-216.283,121.151,-680.7461,752575935
854465926578,85,515.2649,503.401,514.8972,-467.6301,-337.0062,-595.6735,752575935
854465926579,85,515.1942,503.4418,514.8185,-691.8683,-315.6562,-365.9818,752575935
854465926580,85,515.1215,503.3823,514.9318,-514.6969,-320.3556,-443.1804,752575935
854465926581,85,515.2457,503.4113,514.8795,-630.8301,-473.951,-597.8768,752575935
854465926582,85,515.2631,503.417,514.8634,-267.4943,-56.7044,-128.2233,752575935
854465926583,85,515.2434,503.3572,514.8876,-670.4946,-296.5211,-500.7706,752575935
854465926584,85,515.2499,503.3701,515.1423,-580.4117,-667.1922,209.191,752575935
854465926585,85,515.2915,503.5003,514.8689,-616.0419,-600.1078,-102.8158,752575935
854465926586,85,515.3224,503.517,514.775,-504.8209,-292.0132,-83.4564,752575935
854465926587,85,515.2675,503.4223,514.871,-532.2321,81.9237,291.7026,752575935
854465926588,85,515.1921,503.3591,514.9029,-357.4527,-65.7707,-433.1772,752575935
854465926589,85,515.2448,503.42,514.9177,-535.5505,-270.6032,-399.2568,752575935
854465926590,85,515.2604,503.4359,514.873,-896.361,-219.5499,-510.2329,752575935
854465926591,85,515.4539,503.4494,515.018,-439.3601,-423.7167,-208.5293,752575935
854465926592,85,515.2968,503.3642,514.8926,-853.1649,-463.7792,235.2068,752575935
854465926593,85,514.9905,503.2743,514.9615,-554.7659,-337.0585,-359.8368,752575935
854465926594,85,515.3768,503.4382,514.8264,-130.8744,-522.1302,-286.2624,752575935
854465926595,85,515.2079,503.4579,514.8376,-553.9245,-290.3368,-391.0071,752575935
854465926596,85,515.3405,503.3796,514.9862,-930.1999,-154.114,-510.3343,752575935
854465926597,85,515.2962,503.4868,514.8871,-224.9234,-593.697,45.0298,752575935
854465926598,85,515.2414,503.3657,514.9225,-388.1297,-400.4005,-154.3725,752575935
854465926599,85,515.263,503.433,514.8243,-113.2547,-285.272,-296.495,752575935
854465926600,85,515.2728,503.504,514.8344,-223.2643,-134.0182,-218.9816,752575935
854465926601,85,515.041,503.297,514.999,-669.3955,29.6434,-627.6939,752575935
854465926602,85,514.9763,503.1908,515.068,-412.5909,-294.5158,-763.2455,752575935
854465926603,85,515.1207,503.3765,514.9056,-121.5459,-309.138,131.9438,752575935
854465926604,85,515.2953,503.4249,514.9123,-341.4824,-341.516,204.0668,752575935
854465926605,85,515.296,503.393,514.9523,-148.3603,-272.6403,-329.0018,752575935
854465926606,85,515.1223,503.4786,514.9883,-476.6875,-303.8066,-509.7201,752575935
854465926607,85,515.2917,503.4945,514.8707,-265.5473,-276.4065,-207.2403,752575935
854465926608,85,515.2751,503.5061,514.861,-498.1467,-531.8103,-165.6881,752575935
854465926611,85,515.0236,503.397,514.6877,-147.1021,-137.3863,-140.23,752575935
854465926612,85,515.3911,503.4544,514.874,-346.8827,-720.1572,-77.1925,752575935
854465926613,85,515.2009,503.4698,514.9175,-550.7697,-232.9047,9.2598,752575935
854465926614,85,515.2587,503.4225,514.8851,-858.7291,-357.6186,-333.2228,752575935
854465926615,85,515.2442,503.4321,514.8791,-518.8635,-64.8474,-426.4349,752575935
854465926616,85,515.2876,503.3839,514.9385,-732.5245,-317.7582,-324.0097,752575935
854465926620,85,515.2129,503.5049,514.7073,-247.8322,46.7248,-286.5172,752575935
854465926621,85,515.487,503.4085,515.0452,-388.3692,-549.0445,-140.4161,752575935
854465926622,85,514.9957,503.2729,514.9364,-462.6697,-166.7757,-299.9967,752575935
854465926623,85,515.3801,503.3748,514.9223,-74.106,-381.6142,-177.5914,752575935
854465926624,85,515.2214,503.4023,514.8927,-354.5558,-284.2513,-827.9767,752575935
854465926630,85,514.9044,503.2105,514.9536,-653.1476,-328.6401,-240.6039,752575935
854465926631,85,515.3953,503.3038,514.9855,-432.2463,-469.2926,-185.9872,752575935
854465926632,85,515.3087,503.1917,515.0739,-1063.1497,-90.8288,-354.1237,752575935
854465942921,85,514.8218,503.4384,514.8067,-294.5123,-732.6095,-157.5794,752575935
854465942929,85,515.2865,503.3786,515.0709,-903.7952,-511.9947,-327.6968,752575935
854465942937,85,515.1492,503.5154,514.6657,-125.3115,22.4689,-428.0396,752575935
854465942938,85,514.9307,503.253,515.0049,-503.0302,-17.3667,-734.308,752575935
854465942939,85,514.8539,503.2887,514.7909,-496.2249,-57.9753,-712.7122,752575935
854465942945,85,515.247,503.4586,514.66,-227.6199,-163.7046,-295.6263,752575935
854465942946,85,515.2543,503.2924,515.0016,-735.8542,-262.8445,-585.9343,752575935
854465942947,85,515.0744,503.4142,514.5901,-376.8385,-114.1574,-312.4402,752575932
854465942948,85,514.8768,503.1341,514.8465,-587.1671,-512.4183,-16.4315,752575935
854465942953,85,515.3038,503.4785,514.8666,-340.733,-342.463,6.2457,752575935
854465942954,85,515.2737,503.426,514.8276,-420.7563,-254.0668,183.3806,752575935
854465942955,85,515.4229,503.4709,514.9256,187.4325,-297.2782,-430.2274,752575935
854465942961,85,515.1913,503.4465,514.9709,-645.0369,-877.5845,-411.5008,752575935
854465942962,85,515.228,503.3313,514.991,-252.3877,-346.0605,-178.9267,752575935
854465942963,85,515.3392,503.4217,514.8331,-1236.5446,-188.3534,-2.765,752575935
854465942969,85,515.0727,503.1659,514.9203,-502.1955,76.3241,-397.2565,752575935
854465942970,85,515.1764,503.4356,514.9407,-667.3915,-220.7936,-63.1224,752575935
854465942971,85,514.8318,503.4125,514.9195,-306.5281,-424.5668,-501.2519,752575935
854465942977,85,515.3934,503.4352,514.8319,-629.0687,-143.6645,-65.7289,752575935
854465942979,85,515.1425,503.359,515.0892,-943.2204,40.2608,-702.327,752575935
854465942986,85,515.3886,503.0183,515.0075,-1048.8326,-127.5129,-396.7008,752575935
854465942994,85,515.342,503.1128,514.9617,-1110.268,-147.9018,-347.7845,752575935
854465943001,85,515.3397,503.0886,515.0983,-1200.4447,-300.2383,-462.5994,752575935
854465943002,85,515.3547,503.1504,515.1047,-962.6646,-99.7825,-488.7097,752575935
854465943009,85,515.4794,503.0789,515.1884,-960.3289,-195.4865,-547.6747,752575935
854504707454,85,515.5272,503.0735,515.195,-768.3266,-532.2832,-27.6052,752575935
854504707463,85,515.2867,503.3658,515.0945,-983.6865,-178.0022,-153.3529,752575935
854504707464,85,515.4496,503.506,514.6349,-140.2903,-342.8716,-98.7436,752575932
854504707470,85,515.4477,503.4501,514.937,-281.0343,-397.0108,-548.696,752575935
854504707471,85,515.4307,503.4654,515.0022,-238.3306,-515.4618,-201.8147,752575935
854504707472,85,515.1318,503.3473,514.708,-43.6088,-300.5962,-337.9467,752575935
854504707475,85,514.7745,503.0802,514.8317,-280.7474,202.2785,-259.1812,752575935
854504707478,85,515.0792,503.4255,515.0408,-796.744,-511.8903,-436.5953,752575935
854504707479,85,515.0848,503.3486,514.9407,-174.0051,-488.2694,-658.2948,752575935
854504707480,85,515.283,503.422,514.9192,-501.9252,164.6689,-630.6365,752575935
854504707486,85,515.1191,503.3289,515.0016,-434.8852,-489.7751,-382.1154,752575935
854504707487,85,515.1619,503.2066,514.8393,-477.7212,108.4784,3.1513,752575935
854504707488,85,515.4812,503.4626,515.1478,-491.6049,-285.0757,-314.9802,752575935
854504707493,85,515.22,503.4764,514.7866,-395.0273,-593.8362,-824.4129,752575935
854504707494,85,515.4326,503.2885,515.1038,-558.1261,-221.9545,-256.8209,752575935
854504707495,85,514.9915,503.2173,515.0421,-672.1019,-231.5221,-300.6447,752575935
854504707496,85,515.1358,503.3838,514.7964,-639.4826,-384.2583,-348.099,752575935
854504707502,85,515.0547,503.2703,514.7271,-467.4239,-236.4362,-193.0746,752575935
854504707504,85,514.9833,503.4323,515.1193,-670.5237,-469.0988,-356.1358,752575935
854504707509,85,515.9716,503.47,514.8014,-959.0057,-213.4758,-436.0591,752572992
854504707511,85,515.3703,503.432,515.0423,-646.6511,-653.0878,64.1944,752575935
854504707512,85,514.9561,503.4191,514.8913,-427.6313,-184.1129,-403.8905,752575935
854504707520,85,515.0522,503.4156,514.6262,-229.1527,-204.9958,-471.3056,752575932
854504723833,85,515.8331,503.61,515.5198,-614.8108,-278.646,-451.902,752572992
854504723834,85,515.3793,503.5573,515.1751,-573.7761,-466.8907,38.3429,752575935
854504723835,85,515.1616,503.4085,514.863,-765.127,-753.8247,-92.7786,752575935
854504723837,85,515.4174,503.5586,515.4611,-557.0183,-255.8023,-65.9927,752575935
854504723838,85,515.3935,503.4755,515.3687,-589.3514,-337.7899,-162.3895,752575935
854504723839,85,515.6226,503.6352,515.5322,-445.7541,-116.6973,101.5005,752575935
854504723841,85,515.2059,503.3668,514.9626,-771.3605,-491.2216,-368.0735,752575935
854504723842,85,515.3038,503.6689,514.8226,-845.091,-469.0587,-560.0591,752575935
854504723843,85,515.2809,503.4956,515.0559,-370.0529,-607.9603,-108.9427,752575935
854504723844,85,515.2988,503.3257,515.0317,-651.4207,-419.688,-812.4434,752575935
854504723845,85,515.4452,503.4561,515.3525,-614.7289,-361.281,-170.6298,752575935
854504723846,85,515.3692,503.4778,515.3448,-633.7904,-334.5509,-184.9455,752575935
854504723847,85,515.4353,503.5762,515.4529,-524.3679,-282.8954,-62.0888,752575935
854504723848,85,515.6304,503.5991,515.2537,-439.6434,-275.5441,130.0116,752572992
854504723849,85,515.1392,503.3305,514.9311,-367.9849,81.1349,-670.3358,752575935
854504723850,85,515.1818,503.4205,514.6879,-493.4493,-425.5156,-479.4099,752575935
854504723851,85,515.159,503.5401,514.9104,-533.0089,-571.3648,-183.7305,752575935
854504723852,85,515.4243,503.849,514.7219,-334.1179,-379.284,-153.1368,752575935
854504723853,85,515.4266,503.1545,515.0284,-519.7324,-199.8841,-254.1538,752575935
854504723854,85,515.3864,503.3062,515.0908,-574.592,-582.3222,95.6883,752575935
854504723858,85,514.9837,503.2693,515.0831,-512.5751,-238.2967,-467.9798,752575935
854504723859,85,515.3349,503.3236,514.8516,-338.697,-369.8857,-538.6506,752575935
854504723860,85,515.2843,503.4584,514.928,-415.7282,-72.8198,-136.3564,752575935
854504723861,85,515.4079,503.5112,514.8207,-665.197,-151.5632,-72.7481,752575935
854504723862,85,515.2708,503.4361,514.9545,-752.7563,-285.1093,-316.3281,752575935
854504723863,85,515.0371,503.2132,514.9944,-698.5237,-67.1333,-757.1067,752575935
854504723864,85,514.9632,503.3479,514.7896,-330.6227,44.6122,-737.8541,752575935
854504723865,85,515.217,503.2855,514.9598,-526.2914,30.4832,-494.0198,752575935
854504723866,85,515.3185,503.3811,514.8801,-607.2755,-479.8214,-73.4099,752575935
854504723867,85,515.4282,503.5912,514.8013,-222.2252,-306.2141,-245.735,752575935
854504723868,85,515.317,503.3552,514.8765,-960.8279,193.6359,-817.4532,752575935
854504723869,85,515.3067,503.4102,514.9517,-581.7864,-204.8562,-259.5368,752575935
854504723870,85,515.1414,503.1663,515.0384,-653.8454,-15.8311,-540.9276,752575935
854504723871,85,515.225,503.4319,514.8616,-1031.7023,-221.5449,-485.9279,752575935
854504723872,85,514.9725,503.1349,515.1777,-629.9739,-89.2664,-642.1351,752575935
854504723873,85,515.1997,503.3847,514.8498,-1089.9996,-450.6263,-404.8952,752575935
854504723874,85,515.4327,503.423,514.843,-307.3437,-219.5303,-131.779,752575935
854504723875,85,515.3994,503.7696,514.7661,-295.3608,-298.8575,-14.6934,752575935
854504723876,85,515.2567,503.4394,514.8569,-248.55,-159.3755,53.3451,752575935
854504723877,85,515.2375,503.4188,514.8716,-513.6285,-369.9941,-36.1685,752575935
854504723878,85,515.1818,503.5826,514.7538,-419.9093,-25.5387,-469.4525,752575935
854504723879,85,515.1798,503.4337,514.9373,-1038.9104,-41.4347,-272.1331,752575935
854504723880,85,514.9122,503.4317,514.6696,-377.9257,37.9439,-645.2126,752575935
854504723881,85,515.0387,503.2944,514.7358,-281.1872,-51.3024,-331.422,752575935
854504723882,85,515.256,503.2985,514.8899,-320.8832,-609.5283,-547.1296,752575935
854504723883,85,515.2027,503.4716,514.6642,-488.8897,-130.2957,-21.6389,752575935
854504723884,85,515.2289,503.4031,514.8846,-375.1222,-582.4272,-522.4827,752575935
854504723885,85,515.3151,503.2598,515.1557,-635.0209,-370.5877,-177.7297,752575935
854504723886,85,515.2684,503.3906,514.9328,-313.3423,-311.5169,-435.6367,752575935
854504723887,85,515.2339,503.416,514.9523,-592.2755,-825.696,-378.1471,752575935
854504723888,85,515.2211,503.3737,514.88,-792.5551,-775.0162,-407.3088,752575935
854504723889,85,514.9848,503.5907,514.6837,-417.3281,-628.2434,-305.7335,752575935
854504723890,85,515.1885,503.0941,514.8882,-630.3327,-1.7687,-349.056,752575935
854504723891,85,515.2411,503.4051,514.8892,-1028.0292,-138.2181,-346.6483,752575935
854504723892,85,515.1771,503.3882,514.8746,-505.9003,-288.7601,-374.3034,752575935
854504723893,85,515.1593,503.3903,514.8889,-454.2336,-281.7285,-265.0297,752575935
854504723894,85,515.1501,503.2784,514.8079,-359.0028,-196.8028,-371.7087,752575935
854504723895,85,515.2552,503.3736,514.8414,-454.9329,-98.4544,95.7531,752575935
854504723896,85,515.3374,503.4407,514.6883,-112.2676,-123.4901,-8.5944,752575935
854504723897,85,515.2829,503.3746,515.2681,-502.9135,-384.8733,-762.0504,752575935
854504723898,85,515.2504,503.3972,514.858,-64.4843,-635.8975,-191.154,752575935
854504723899,85,515.2013,503.3858,514.8629,37.7961,25.2917,-138.4457,752575935
854504723900,85,515.1984,503.5495,514.6714,-258.1753,-51.6653,22.705,752575935
854504723901,85,515.2108,503.4639,514.9055,9.9516,88.3807,-145.5339,752575935
854504723902,85,515.2583,503.4194,514.9261,-102.2065,-4.9066,121.2648,752575935
854504723903,85,515.3818,503.2643,514.9907,-269.9426,-530.4246,-129.5058,752575935
854504723904,85,515.1641,503.4257,514.9074,-580.8201,-238.5454,115.0128,752575935
854504723905,85,515.189,503.2094,515.1787,-787.3628,-398.8057,-85.2215,752575935
854504723906,85,514.9689,503.458,514.8713,-580.3741,143.0869,-375.903,752575935
854504723907,85,515.3065,503.423,514.9072,-432.9132,-507.6158,-480.3293,752575935
854504723908,85,515.4014,503.4356,514.9421,-852.8489,-578.5342,-234.8483,752575935
854504723909,85,515.3391,503.49,514.9167,-297.0143,-104.3935,-374.4983,752575935
854504723910,85,515.0718,503.4042,514.74,-222.5081,-166.2531,-194.0832,752575935
854504723911,85,515.3062,503.435,514.8738,-504.1177,-500.7138,-134.6292,752575935
854504723912,85,515.3787,503.309,514.8752,-89.1738,-521.6812,-362.3316,752575935
854504723914,85,515.171,503.5289,514.7833,57.7118,-298.1948,-463.3251,752575935
854504723915,85,515.2175,503.4348,514.9722,-672.8503,-311.9086,-336.8165,752575935
854504723916,85,515.2231,503.2804,514.8553,-501.3475,-392.2124,-170.8742,752575935
854504723917,85,515.2557,503.406,514.9091,-341.0874,-137.9558,-942.799,752575935
854504723918,85,515.3031,503.3979,514.8818,-132.5008,-683.1625,-9.4062,752575935
854504723919,85,515.1465,503.3606,514.9041,-621.9064,-457.5963,-263.2112,752575935
854504723920,85,515.101,503.5021,514.8283,-224.7103,-0.5328,-336.688,752575935
854504723923,85,515.377,503.4555,515.0798,-231.3417,31.1382,-128.2868,752575935
854504723924,85,515.4091,503.4834,514.85,-755.7933,-523.0943,-213.3584,752575935
854504723925,85,515.2146,503.4968,514.9647,-747.9025,-139.9817,42.4397,752575935
854504723926,85,515.3046,503.4231,514.8937,-481.8132,-228.4236,-166.2731,752575935
854504723927,85,515.2824,503.4131,514.9446,-605.4352,-57.3333,-531.595,752575935
854504723928,85,515.2597,503.481,514.8656,-104.0801,-213.4012,-317.9296,752575935
854504723931,85,515.0457,503.4669,514.698,-814.6251,-384.5726,-779.3584,752575935
854504723932,85,515.184,503.3693,514.9188,-293.8044,209.2667,-802.5537,752575935
854504723933,85,515.3664,503.3666,514.957,-720.9373,-458.8828,-13.8957,752575935
854504723934,85,515.1383,503.3849,514.8205,-802.1183,-407.7233,-460.3183,752575935
854504723935,85,515.2078,503.5182,514.6373,-397.5386,-162.4474,-278.2137,752575932
854504723940,85,515.1196,503.3159,515.0,-1010.262,-442.3374,-818.9489,752575935
854504723943,85,515.1794,503.2981,515.0223,-1036.8914,-243.597,-834.7626,752575935
854504740234,85,514.9037,503.4776,514.7871,-315.4423,-821.0139,-198.5311,752575935
854504740235,85,515.3347,503.5796,514.8806,-510.1005,420.7032,-328.7582,752575935
854504740241,85,515.0836,503.4659,514.6763,-150.1031,24.8351,-603.7119,752575935
854504740242,85,514.9017,503.1925,515.1012,-575.6178,-144.0495,-716.0931,752575935
854504740243,85,514.9527,503.7772,514.8199,-510.8383,-766.5482,-244.593,752575935
854504740249,85,515.0713,503.4512,514.6935,-174.2483,70.6083,-653.6182,752575935
854504740250,85,515.5258,503.5498,514.8978,-485.6088,-452.9351,130.2492,752575935
854504740251,85,515.5216,503.5662,514.873,-289.7231,-353.5917,52.5093,752575935
854504740257,85,515.5173,503.4817,515.0387,-670.1715,-449.1482,13.6416,752575935
854504740258,85,515.1988,503.3736,514.7771,-97.0579,-116.2513,-23.8132,752575935
854504740259,85,515.1469,503.3704,514.6421,-341.1504,-260.91,-588.3712,752575932
854504740260,85,514.9993,503.3209,514.7125,-878.9682,-620.3927,-101.3236,752575935
854504740265,85,515.3785,503.462,515.0584,-875.0739,-356.6903,-543.8335,752575935
854504740266,85,515.5196,503.3724,514.9229,-472.4237,-157.4888,-583.3027,752575935
854504740267,85,515.5999,503.5211,514.7053,-270.847,-306.4414,-455.6268,752575935
854504740268,85,515.4122,503.137,515.0506,-697.5692,-113.9692,-33.9864,752575935
854504740273,85,515.0145,503.0451,515.0261,-521.902,-169.0805,-406.4403,752575935
854504740274,85,515.1962,503.326,514.8782,47.7782,22.1137,-127.4269,752575935
854504740281,85,515.1941,503.4756,514.5652,-465.3151,-181.5307,-231.0506,752575932
854504740282,85,515.1926,503.3944,514.9395,-389.2928,-674.0933,-228.1386,752575935
854504740283,85,515.5292,503.1621,514.9173,-695.5648,-343.2097,118.669,752575935
854504740289,85,515.1408,503.7175,514.6859,-404.3191,-378.3268,-99.8684,752575935
854505756029,85,515.504,503.4168,514.9167,-432.743,-769.0856,208.9815,752575935
854505756030,85,515.1553,503.3117,515.1832,-747.3284,-18.3045,-704.8047,752575935
854505756031,85,515.333,503.4767,515.0858,-841.2854,36.2787,-740.5965,752575935
854505756032,85,515.1156,503.4078,514.7729,-1075.4004,-647.0372,-569.0598,752575935
854505756036,85,515.5063,503.6337,514.7467,-268.1592,-686.0345,63.6351,752575935
854505756037,85,515.1321,503.2293,515.2554,-782.9716,-69.3685,-565.3775,752575935
854505756038,85,515.473,503.4036,514.6017,-507.6879,-266.2507,63.2888,752575932
854505756039,85,515.2379,503.4003,515.1071,-928.8962,-188.8361,-243.4464,752575935
854505756040,85,515.6026,503.509,514.7668,-387.8775,-339.8359,102.4849,752575935
854505756043,85,514.7882,503.0181,514.7344,-316.0514,186.8321,-219.8417,752575935
854505756045,85,515.1091,503.1819,515.3848,-718.5248,-105.7313,-500.5796,752575935
854505756046,85,515.2047,503.4304,514.8961,-274.4355,-823.8339,-795.2431,752575935
854505756047,85,515.0615,503.2905,514.8919,-552.5213,127.0062,-228.657,752575935
854505756048,85,514.9867,503.407,514.868,-218.2449,-233.2498,-518.0137,752575935
854505756051,85,515.2449,503.518,514.8752,7.8497,534.1296,-226.8049,752575935
854505756052,85,515.1096,503.3362,515.1029,-1030.0375,-144.6456,-422.015,752575935
854505756053,85,514.7591,503.4579,514.7441,-250.2056,-365.8894,-553.6112,752575935
854505756054,85,515.2605,503.3391,514.9316,-321.7433,-684.7407,-636.5021,752575935
854505756055,85,515.256,503.5759,514.7745,-425.1441,-451.5557,283.062,752575935
854505756059,85,515.5541,503.0764,514.9905,-617.8154,297.1141,-361.5278,752575935
854505756062,85,515.1733,503.4294,514.7661,-623.3934,-394.7378,-479.8528,752575935
854505756063,85,515.3597,503.4669,514.9085,-559.755,-396.012,-200.4508,752575935
854505756064,85,515.1734,503.3798,514.8865,-476.5232,-196.1293,-318.642,752575935
854505756069,85,515.5421,503.3382,514.9504,-258.3685,-334.1588,-398.7926,752575935
854505756070,85,515.6168,503.3838,515.1277,-603.3792,-203.9063,45.1947,752575935
854505756071,85,515.2336,503.4144,514.8712,-329.7625,-241.2516,-97.2712,752575935
854505756072,85,515.2241,503.4351,514.8682,-149.3973,-325.8994,-5.8353,752575935
854505756078,85,515.2787,503.1036,514.9878,-462.658,-278.1197,-255.4784,752575935
854505756079,85,515.2528,503.3689,514.8842,-413.8946,-689.9147,47.1064,752575935
854505756080,85,515.2882,503.4157,514.9408,-848.8867,-144.0532,-385.0316,752575935
854505756085,85,515.9338,503.4196,514.7809,-959.288,-150.5511,-350.285,752572992
854505756087,85,516.0642,503.386,514.8052,-862.7371,-35.1881,-215.5582,752572992
854505756088,85,515.0042,503.3195,514.8843,-236.4598,-406.11,-394.1361,752575935
854505756096,85,514.8989,503.5426,514.9366,-882.4028,-644.4959,-253.7825,752575935
854505772409,85,515.4755,503.49,515.1773,-504.8638,-528.0276,-9.1463,752575935
854505772410,85,515.1831,503.3436,514.9385,-642.3122,-412.1033,-279.9211,752575935
854505772411,85,515.2786,503.3958,514.9356,-25.2098,-29.4876,-537.4475,752575935
854505772412,85,515.3037,503.4593,514.8298,-794.3856,-179.7231,-616.2942,752575935
854505772413,85,515.3136,503.4582,515.2098,-642.6597,-387.5056,-358.1616,752575935
854505772414,85,515.4473,503.5084,515.5365,-556.9271,-306.0176,10.2688,752575935
854505772415,85,515.3872,503.328,515.2867,-604.485,-326.1518,-362.1291,752575935
854505772417,85,515.2827,503.4953,514.8138,19.3613,-294.2107,136.9983,752575935
854505772419,85,515.3959,503.4317,514.9225,-923.5488,-366.7124,-269.275,752575935
854505772420,85,515.2491,503.4416,514.7929,-98.804,168.2592,-47.3308,752575935
854505772421,85,515.3677,503.5389,514.924,-426.8733,-424.752,400.3,752575935
854505772423,85,515.416,503.5692,515.2856,-542.7891,-228.9847,146.4345,752575935
854505772425,85,514.9337,503.3611,514.8152,-559.9194,2.9935,-459.2824,752575935
854505772426,85,515.4045,503.3764,514.8809,-288.3536,86.6319,8.8779,752575935
854505772427,85,515.413,503.5238,515.0538,-583.0436,-329.0438,-167.726,752575935
854505772428,85,515.3967,503.5091,514.9362,-771.5508,-504.0414,-236.9374,752575935
854505772429,85,515.2402,503.4539,515.0576,-48.9065,-435.7091,-668.5723,752575935
854505772430,85,515.3213,503.5675,514.7147,-300.3924,-335.3918,188.2408,752575935
854505772431,85,515.4894,503.3537,515.087,-436.0766,-396.4228,-441.3996,752575935
854505772433,85,515.3157,503.5113,514.8062,-328.0671,-196.6642,-180.1722,752575935
854505772434,85,515.0584,503.443,514.8048,-362.0155,-263.8179,-360.0529,752575935
854505772435,85,515.3044,503.4046,514.9197,-1192.1582,-313.7224,-464.5923,752575935
854505772436,85,515.2045,503.4465,514.8635,-488.7119,-319.3792,-112.2339,752575935
854505772437,85,515.2908,503.414,514.8784,-227.519,-9.1265,363.5796,752575935
854505772438,85,515.3171,503.5238,514.8633,-966.4771,-585.1974,-130.3573,752575935
854505772439,85,515.2917,503.2886,515.0587,-751.0812,-373.6664,-516.914,752575935
854505772440,85,515.2846,503.4195,514.9927,-968.0342,-574.0306,-616.624,752575935
854505772441,85,515.1696,503.3815,514.8294,-405.5944,80.0919,216.1418,752575935
854505772442,85,515.1106,503.4223,514.9012,-524.2534,-368.0489,-381.9672,752575935
854505772443,85,515.2999,503.4332,514.8593,-352.4472,-828.9913,109.3827,752575935
854505772444,85,515.3033,503.2997,514.9943,-601.9573,-486.2474,-469.0933,752575935
854505772445,85,515.3494,503.2986,515.0016,-745.2922,-358.4766,-477.1038,752575935
854505772446,85,515.3954,503.514,514.8599,-959.6204,-199.1574,-279.6516,752575935
854505772448,85,515.4057,503.3955,514.9016,-486.0107,-254.9732,7.6119,752575935
854505772449,85,515.3137,503.4028,514.9054,-848.4861,-206.7414,-88.7682,752575935
854505772450,85,515.2648,503.4108,514.882,-753.6634,-326.1472,-178.0555,752575935
854505772451,85,515.0892,503.329,514.7654,-207.4231,112.7325,-243.6672,752575935
854505772452,85,515.193,503.3275,514.7996,87.0681,-263.7919,-400.3917,752575935
854505772453,85,515.678,503.2767,515.0167,-278.3148,-499.0316,-251.607,752572992
854505772454,85,515.2078,503.3062,515.0515,-201.198,-286.6017,-266.022,752575935
854505772455,85,515.2341,503.3895,514.8206,-579.506,-521.2594,36.8796,752575935
854505772457,85,515.2924,503.4676,514.8766,-448.091,-412.4666,-129.3472,752575935
854505772458,85,515.2471,503.3674,514.8518,-533.4372,-288.3694,-444.7394,752575935
854505772459,85,515.236,503.4314,514.9384,-890.1431,-697.86,-643.5396,752575935
854505772460,85,515.2281,503.4052,514.9412,-1026.082,-346.7354,-239.9458,752575935
854505772461,85,515.0932,503.3336,514.9047,-229.3361,-184.0903,-451.9181,752575935
854505772462,85,515.0519,503.2581,514.9399,-392.8268,-86.4779,-409.9707,752575935
854505772463,85,515.1288,503.4333,514.9728,-521.8185,-270.3411,-345.5221,752575935
854505772464,85,515.3362,503.3863,514.9784,-370.9299,-560.0406,146.1935,752575935
854505772465,85,515.3595,503.3315,515.1644,-823.3041,-479.1818,-31.1669,752575935
854505772466,85,515.2791,503.4477,514.8414,-1194.026,-240.2623,-3.949,752575935
854505772467,85,515.0279,503.2893,515.1295,-821.3952,-115.8004,-385.4091,752575935
854505772468,85,515.1146,503.5923,514.5892,-299.7642,-98.9795,-253.8214,752575932
854505772469,85,515.2635,503.4178,514.8563,-616.2544,-781.7786,-452.8074,752575935
854505772470,85,515.2139,503.4499,514.9021,-1032.5706,-659.0551,52.6155,752575935
854505772471,85,515.1986,503.3878,514.9062,-707.9833,-790.5888,-359.816,752575935
854505772472,85,514.8583,503.4949,515.0502,-646.0212,-440.043,-397.6963,752575935
854505772473,85,515.1409,503.4471,514.7745,64.2766,-99.2582,-412.6716,752575935
854505772474,85,515.332,503.4865,515.0891,-646.0302,-264.0063,-682.5641,752575935
854505772475,85,515.0258,503.176,515.14,-466.2279,-423.8777,-577.0267,752575935
854505772476,85,515.2767,503.5732,514.8455,-41.4865,-553.6904,41.3776,752575935
854505772477,85,515.2128,503.4545,514.8452,-207.5898,-364.7095,-421.2776,752575935
854505772478,85,515.1332,503.4245,515.0871,-398.6086,-387.4821,-773.1613,752575935
854505772479,85,515.1133,503.3266,514.8737,-406.8424,-22.133,-586.645,752575935
854505772480,85,515.1794,503.452,515.0948,-522.4135,-412.2775,-659.8913,752575935
854505772482,85,515.1201,503.1028,515.1868,-667.8043,-298.0596,-283.976,752575935
854505772483,85,515.1586,503.3018,514.7878,-721.4089,281.0059,-113.8012,752575935
854505772484,85,515.1747,503.2483,514.8335,-534.6243,120.3794,-646.973,752575935
854505772485,85,514.948,503.5724,514.9651,-579.1981,-340.5045,-179.1644,752575935
854505772487,85,515.3456,503.4146,514.9045,-667.7087,-324.124,143.714,752575935
854505772488,85,515.5129,503.3264,514.8943,-515.3507,-165.6997,-171.1582,752575935
854505772491,85,515.0745,503.4833,514.8799,-17.0524,-0.0447,-386.8276,752575935
854505772492,85,515.1049,503.4551,514.6409,-414.2714,-69.9792,-319.7837,752575932
854505772493,85,515.2544,503.4576,514.8737,-600.5759,-341.0487,-508.9202,752575935
854505772494,85,515.2182,503.4706,514.8776,-328.5211,-489.7502,157.212,752575935
854505772495,85,515.3817,503.6053,514.7488,-259.1432,-352.4497,-190.7499,752575935
854505772496,85,515.3322,503.381,514.627,-350.3995,-31.8889,-51.2427,752575932
854505772500,85,515.287,503.4351,514.9119,-1069.6461,-260.7872,340.5685,752575935
854505772501,85,515.2623,503.4529,514.8783,-955.1411,-598.2721,-306.8039,752575935
854505772502,85,515.2408,503.3961,514.7053,-221.4999,-425.3725,-147.3835,752575935
854505772503,85,515.2484,503.343,514.8928,-778.4795,-696.3096,-281.2574,752575935
854505788810,85,514.9451,503.4697,514.8289,-311.7607,-879.6176,-264.124,752575935
854505788817,85,515.2302,503.479,514.8554,-158.913,-87.0038,-372.404,752575935
854505788818,85,515.223,503.4016,514.8409,24.0678,111.0983,19.9739,752575935
854505788819,85,514.9286,503.4501,514.856,-280.805,-848.9433,-194.623,752575935
854505788825,85,515.5135,503.5398,514.9255,-420.8857,-519.5502,65.9727,752575935
854505788833,85,515.2957,503.5986,514.6818,-18.9421,-256.5511,-169.1123,752575935
854505788834,85,515.2198,503.4464,515.0204,-739.1167,-156.4104,-955.1287,752575935
854505788835,85,514.9456,503.3606,514.6251,-393.5587,-89.7481,-702.9728,752575932
854505788836,85,515.4589,503.5526,515.158,-661.823,-264.9159,-822.7731,752575935
854505788842,85,515.481,503.4785,515.056,-261.391,-187.5997,-507.9444,752575935
854505788843,85,515.424,503.5615,514.8545,-46.4681,-161.0005,-613.875,752575935
854505788845,85,514.8406,503.2296,515.123,-919.6213,-198.9188,-112.5934,752575935
854505788849,85,515.0128,503.41,514.6964,-374.8224,-275.9648,-92.6702,752575935
854505788850,85,515.0054,503.5769,514.9789,-656.7078,-200.0571,-244.3414,752575935
854505788851,85,515.0986,503.515,515.1009,-894.2906,-101.2011,-354.117,752575935
854505788853,85,515.3113,503.2496,514.9019,-1213.1715,-509.3169,66.306,752575935
854505788857,85,515.2202,503.4673,514.9799,-517.6108,-547.5831,-104.0019,752575935
854505788866,85,515.1136,503.3509,515.1108,-926.901,-24.4492,-682.6707,752575935
854505788873,85,515.3289,503.2517,515.2179,-1046.9193,-290.2549,-641.0293,752575935
854506804604,85,515.682,503.3188,514.9939,-470.7631,-755.4943,-99.6314,752572992
854506804606,85,515.2918,503.343,515.0868,-796.5884,16.2304,-857.327,752575935
854506804607,85,515.0824,503.6406,514.9448,-551.9064,-336.8305,-555.3338,752575935
854506804608,85,515.3431,503.561,515.0453,-630.516,-437.2325,222.0623,752575935
854506804613,85,515.0431,503.2546,515.1986,-681.3765,2.4635,-648.2286,752575935
854506804614,85,515.4159,503.5343,514.4818,-183.8562,-221.5005,-396.7828,752575932
854506804615,85,515.2515,503.3737,514.9882,-1186.07,-237.3311,-63.5296,752575935
854506804616,85,515.4499,503.4803,514.6911,-168.4501,-138.608,80.5624,752575935
854506804619,85,515.2545,503.5392,514.8782,-253.3897,460.6859,155.0786,752575935
854506804620,85,515.526,503.1053,515.1921,-860.5826,-115.7347,-383.2639,752575935
854506804621,85,515.1183,503.2389,515.1682,-712.8001,28.8648,-670.4147,752575935
854506804622,85,515.1573,503.553,514.8564,-577.938,-475.2245,-658.709,752575935
854506804623,85,514.9257,503.3205,515.0511,-444.498,-363.5934,-488.0339,752575935
854506804624,85,514.9932,503.4283,514.688,-476.1579,-86.6334,-257.2871,752575935
854506804628,85,515.4355,503.4683,514.8648,-1069.0425,-659.899,84.8559,752575935
854506804629,85,515.4754,503.6241,514.9869,-648.4746,-526.722,-161.648,752575935
854506804630,85,515.2086,503.2594,514.9131,-482.0957,-627.9322,-409.5135,752575935
854506804631,85,515.0882,503.3245,514.7902,-207.8439,-187.2336,-161.5503,752575935
854506804632,85,515.4562,503.4752,514.8316,-331.9476,-619.9897,-103.0061,752575935
854506804637,85,515.1781,503.5874,515.2051,-441.685,-538.4947,-699.3853,752575935
854506804638,85,515.2085,503.3972,514.8901,-735.3955,-1107.1974,-226.5851,752575935
854506804639,85,515.2399,503.3495,514.8854,-396.9439,-420.0742,-132.4178,752575935
854506804640,85,515.2593,503.4243,514.8624,-226.0882,-105.5751,-496.4692,752575935
854506804645,85,515.2926,503.4769,514.9384,-1222.3584,-569.4576,-356.1737,752575935
854506804646,85,515.3621,503.5225,514.9015,-44.0233,-478.7792,-76.6995,752575935
854506804647,85,515.2018,503.4298,514.8825,-534.6664,-347.4038,-191.581,752575935
854506804648,85,515.1984,503.3694,514.9605,-747.5894,-557.0274,-293.0285,752575935
854506804654,85,515.2159,503.3484,514.9244,-312.5549,-839.296,-18.6545,752575935
854506804655,85,515.2543,503.3191,514.9754,-739.0538,-505.3874,-780.7724,752575935
854506804656,85,515.1266,503.3914,514.8428,-486.0415,-309.4326,-576.808,752575935
854506804662,85,515.9412,503.4684,514.8432,-887.3533,-0.3699,-201.697,752572992
854506804663,85,515.8737,503.5197,514.9227,-956.7457,-72.7597,-313.1945,752572992
854506804664,85,515.9544,503.4469,514.941,-941.9644,-58.713,-304.0955,752572992
854506804671,85,515.9502,503.5069,514.8769,-941.8456,-41.1306,-244.379,752572992
854506804672,85,515.8177,503.4901,514.9226,-982.3191,-85.7055,-268.1473,752572992
854506820985,85,515.2986,503.4758,514.7102,-354.0161,-209.7804,-543.9414,752575935
854506820986,85,515.1728,503.3156,514.9374,-358.6645,-495.9403,-32.0496,752575935
854506820987,85,515.3001,503.5,514.8325,-514.7961,-553.8066,55.9985,752575935
854506820988,85,515.3882,503.4578,514.8691,-748.7554,-240.7573,-315.3579,752575935
854506820989,85,514.924,503.6262,514.4789,-492.3264,-138.9569,-363.9309,752575932
854506820990,85,515.5443,503.5379,515.3456,-555.452,-266.92,177.7727,752575935
854506820993,85,515.3777,503.5121,514.671,-422.7676,-314.1837,-258.5742,752575935
854506820994,85,515.209,503.3924,514.8827,-354.7295,-408.9451,-216.943,752575935
854506820995,85,515.2872,503.4116,514.8456,-141.5107,-2.9793,-249.2399,752575935
854506820996,85,515.0351,503.641,514.9059,-235.9136,-551.5425,-234.4152,752575935
854506820997,85,515.3939,503.5111,515.0458,-483.2383,-442.5182,41.2674,752575935
854506820998,85,515.0076,503.6243,514.8253,-199.3747,-455.9606,-267.651,752575935
854506820999,85,515.2212,503.3969,514.8212,-167.0786,325.0034,-102.4848,752575935
854506821001,85,515.3381,503.513,515.029,-221.1913,-362.5819,-62.6309,752575935
854506821002,85,515.2686,503.4197,514.8691,-205.9476,-0.9772,-434.5866,752575935
854506821003,85,515.298,503.321,514.9125,-589.8113,-382.0923,-416.6059,752575935
854506821004,85,515.338,503.5648,514.8824,-507.8232,-648.4907,-251.7256,752575935
854506821005,85,515.2274,503.3829,514.9764,-167.3185,-620.7719,-517.7467,752575935
854506821006,85,515.2809,503.4662,514.8788,-391.4873,-504.7834,-57.8201,752575935
854506821007,85,515.2866,503.4415,514.8833,-932.6558,-549.9107,-217.1415,752575935
854506821008,85,515.1266,503.367,514.7612,-241.9859,-122.9055,-681.5377,752575935
854506821009,85,514.941,503.2504,514.9974,-598.1768,-257.7595,-419.1904,752575935
854506821010,85,515.3044,503.4406,514.8397,-0.7215,-323.5566,-159.6557,752575935
854506821011,85,515.2594,503.4346,514.8771,-264.2976,-525.4881,-248.5942,752575935
854506821012,85,515.2714,503.4491,514.8705,-1088.9602,-635.1717,-538.8981,752575935
854506821013,85,515.386,503.5864,514.8174,-696.7595,-687.327,59.1021,752575935
854506821014,85,515.2868,503.5675,514.8099,-306.1165,-405.7468,-83.4845,752575935
854506821015,85,515.1866,503.5281,514.7038,-245.4368,-260.6341,-281.1657,752575935
854506821016,85,515.2031,503.3606,514.9133,-336.2191,-872.675,-33.6498,752575935
854506821017,85,515.2797,503.446,514.863,-614.5764,-331.1435,-469.7938,752575935
854506821018,85,515.3074,503.4302,515.0618,-571.3213,-556.1967,-129.6449,752575935
854506821020,85,515.2968,503.3899,514.931,-642.0965,-105.8545,-306.1101,752575935
854506821021,85,515.3123,503.2812,515.0732,-647.8175,-261.9333,-325.9641,752575935
854506821022,85,515.265,503.5009,515.2234,-655.8334,-292.4312,-0.4377,752575935
854506821023,85,515.2507,503.4351,514.8892,-705.4667,-284.3855,-50.7278,752575935
854506821024,85,515.3077,503.2196,515.0299,-784.15,76.942,-559.7297,752575935
854506821025,85,515.3723,503.4547,514.9392,-719.5688,-633.0027,-106.6234,752575935
854506821026,85,515.1904,503.4095,514.9455,-374.0518,-72.8835,-249.1852,752575935
854506821027,85,515.2791,503.3802,514.9532,-740.1158,23.2497,-833.095,752575935
854506821028,85,515.2009,503.5158,514.8619,-227.3613,-517.8132,-86.3463,752575935
854506821029,85,515.3548,503.5394,515.006,-337.6153,-438.3094,-24.654,752575935
854506821030,85,515.4401,503.5411,514.593,-140.0686,-117.0465,-170.1264,752575932
854506821031,85,515.2878,503.5258,514.7706,-689.2435,-10.6026,52.9636,752575935
854506821032,85,515.4719,503.5545,514.7826,-590.0249,-64.6481,-426.033,752575935
854506821033,85,515.181,503.435,514.6904,-236.9161,-186.4748,-289.5162,752575935
854506821034,85,515.2199,503.4741,514.8595,-509.7776,-138.426,-383.8865,752575935
854506821035,85,515.2764,503.3439,514.7529,-490.7958,-509.7303,46.0702,752575935
854506821036,85,515.2791,503.4826,514.8924,-174.9666,-450.6156,-377.4612,752575935
854506821037,85,515.2117,503.5213,514.9109,-408.722,-608.7189,41.4717,752575935
854506821038,85,515.1147,503.4347,514.7972,-602.8129,-119.386,-99.1674,752575935
854506821039,85,515.3224,503.5027,514.8496,-758.2793,-725.2462,-300.3699,752575935
854506821040,85,515.2208,503.3329,514.9722,-97.0688,-320.8674,-87.6633,752575935
854506821041,85,515.1804,503.4649,514.7511,-102.2698,-525.5368,121.4284,752575935
854506821042,85,515.105,503.0354,515.0252,-589.7099,-299.9317,-348.7662,752575935
854506821043,85,515.246,503.4677,514.7791,-365.1592,-38.9333,-20.7655,752575935
854506821044,85,515.287,503.3466,514.821,-557.3514,-459.8669,-371.4012,752575935
854506821045,85,515.4164,503.3218,515.068,-793.7661,-438.584,-163.501,752575935
854506821046,85,515.2629,503.3531,514.8757,-1025.7905,-237.1131,-473.8268,752575935
854506821047,85,515.0153,503.1827,515.0435,-704.8322,-510.2086,-522.0482,752575935
854506821048,85,515.1671,503.3155,514.7526,9.5322,-52.6499,-540.42,752575935
854506821049,85,516.0316,503.4734,514.8531,-922.4996,-81.725,-270.0068,752572992
854506821050,85,515.5046,503.502,515.0267,-422.3411,-417.2307,-74.146,752575935
854506821051,85,514.9449,503.2357,514.9761,-698.6257,47.5051,-326.2109,752575935
854506821052,85,515.2851,503.4213,514.7879,-809.7082,-666.6944,-500.0399,752575935
854506821053,85,514.983,503.0525,514.9697,-720.5525,-282.4114,-368.9609,752575935
854506821054,85,515.1121,503.3546,514.847,-430.3792,67.4107,-571.8177,752575935
854506821055,85,515.0653,503.3202,514.8743,-312.5064,-118.8318,-368.652,752575935
854506821056,85,515.1915,503.3043,514.9338,-668.0471,-551.6922,-585.5739,752575935
854506821059,85,514.8706,503.3227,514.9594,-428.4905,-142.1239,-482.3522,752575935
854506821060,85,515.0696,503.5328,514.8931,-182.3001,81.5137,-132.0867,752575935
854506821061,85,515.1187,503.31,514.891,-498.524,-415.8708,-27.1934,752575935
854506821062,85,515.295,503.4192,514.8418,-1076.1182,-481.7627,98.7282,752575935
854506821063,85,515.243,503.502,514.7828,-294.2011,193.0671,-64.4023,752575935
854506821064,85,515.1313,503.5651,515.2173,-783.241,-74.3499,-249.9175,752575935
854506821068,85,514.8868,503.075,514.9184,-639.4545,-131.3792,-281.4852,752575935
854506821069,85,515.0439,503.4483,514.9256,-104.8424,-476.0455,-671.592,752575935
854506821070,85,515.3258,503.5733,514.8135,-390.8171,-306.4837,99.0882,752575935
854506821071,85,515.0881,503.2732,515.0286,-659.1493,-126.477,-773.7075,752575935
854506837393,85,515.6107,503.3506,514.8453,-747.8195,-122.1499,-560.9133,752575935
854506837394,85,515.3594,503.4759,514.7726,-1119.9597,-352.0876,-418.827,752575935
854506837396,85,515.2916,502.8931,514.9165,-159.2394,49.504,-209.697,752575928
854506837403,85,515.4158,503.4229,514.5753,-733.8198,-236.622,-418.9123,752575932
854506837405,85,515.2858,503.1681,514.9147,-102.1147,-479.3506,256.0702,752575935
854506837409,85,515.0081,503.4737,514.6422,-116.1848,-199.5312,-524.0034,752575932
854506837410,85,515.0668,503.4407,514.6719,-245.7862,-279.4563,139.0812,752575935
854506837411,85,515.4636,503.4535,515.0956,-505.441,-376.6519,-628.7561,752575935
854506837412,85,515.2242,503.4841,514.9383,-252.157,-250.5465,-1126.9,752575935
854506837417,85,515.0405,503.4425,514.9577,-370.8327,-445.6706,-649.6586,752575935
854506837419,85,515.1413,503.1952,514.7452,-372.8578,39.841,152.5784,752575935
854506837421,85,514.9239,503.2169,515.1464,-917.9247,-191.6317,-3.4956,752575935
854506837425,85,515.3313,503.3587,514.9753,-438.761,-89.4305,-809.8122,752575935
854506837426,85,515.2906,503.8212,514.8926,-460.1419,-470.5332,-433.844,752575935
854506837433,85,515.0689,503.7267,514.9794,-669.1556,-206.8486,-546.2758,752575935
854506837452,85,515.3889,503.1404,515.0219,-1116.3308,-231.2245,-561.5563,752575935
854507853180,85,515.6105,503.3681,515.0076,-432.0589,-802.9659,-108.388,752575935
854507853181,85,515.0612,503.2132,515.1438,-759.1139,31.9582,-587.3871,752575935
854507853182,85,514.9819,503.3497,515.0574,-586.5184,-20.3294,-774.4681,752575935
854507853183,85,515.3821,503.1636,515.0076,-384.3441,-541.0626,-329.96,752575935
854507853184,85,515.1845,503.3619,514.9287,-199.7024,-175.9624,76.126,752575935
854507853189,85,515.0668,503.2299,515.2621,-715.5362,-20.2882,-604.1113,752575935
854507853190,85,515.124,503.1154,515.3513,-760.6805,-48.2686,-501.0453,752575935
854507853191,85,515.1609,503.4208,515.0345,-976.14,-119.2954,-373.5975,752575935
854507853192,85,515.2814,503.4496,514.9922,-775.408,-700.8462,-577.5008,752575935
854507853195,85,515.2191,503.293,514.7794,-416.396,550.4413,-158.4574,752575935
854507853197,85,515.2219,503.1229,515.4013,-728.983,-67.0393,-514.0485,752575935
854507853198,85,515.1345,503.5105,515.1166,-812.7099,-216.8061,-385.6854,752575935
854507853199,85,515.0042,503.3798,514.7042,-570.9529,-70.5876,-267.8612,752575935
854507853200,85,515.0303,503.3891,514.7466,-640.4699,-62.983,-430.531,752575935
854507853205,85,515.5347,503.6539,515.0471,-474.3045,-293.1587,-84.468,752575935
854507853206,85,515.2009,503.4131,514.9839,-613.3243,-834.1385,25.8491,752575935
854507853207,85,515.23,503.406,514.865,-1237.7184,-58.02,-556.2653,752575935
854507853208,85,515.3134,503.4322,514.8966,-569.1654,-759.015,285.1519,752575935
854507853213,85,515.0807,503.5741,514.9282,-162.9211,-465.887,-241.1883,752575935
854507853214,85,515.2646,503.404,514.8185,-298.2268,-331.4825,-692.1584,752575935
854507853215,85,515.394,503.3989,514.8512,-526.5982,-420.6,-11.1345,752575935
854507853216,85,515.3625,503.3932,514.8422,-597.8257,-423.3156,-222.6676,752575935
854507853221,85,515.2256,503.4233,514.7445,-543.4324,-189.2727,-780.7343,752575935
854507853222,85,515.4522,503.3945,515.0359,-578.5898,-645.1501,-99.4177,752575935
854507853223,85,515.1583,503.3391,515.0776,-695.0885,-609.5406,-462.909,752575935
854507853224,85,515.2589,503.4609,514.8854,-234.4608,-670.0782,-548.6592,752575935
854507853230,85,515.3464,503.3207,514.9207,-925.8716,31.6874,-367.5231,752575935
854507853232,85,514.9843,503.2943,514.749,-382.1898,-202.6877,-586.1292,752575935
854507853238,85,515.8937,503.5042,514.8958,-911.494,37.3352,-316.8306,752572992
854507853239,85,515.8399,503.493,514.8755,-956.024,-105.6868,-313.8636,752572992
854507853240,85,515.8762,503.4936,514.8604,-951.535,-53.9007,-318.0057,752572992
854507853248,85,515.6573,503.5522,514.893,-1045.8514,-114.901,-261.0697,752572992
854507869556,85,515.5234,503.4292,515.1207,-236.4761,-211.8687,122.4991,752575935
854507869561,85,515.3477,503.4302,514.9956,-665.1882,-1014.3748,-38.8088,752575935
854507869562,85,515.4498,503.3784,514.8874,-697.2382,-278.2377,-184.6252,752575935
854507869563,85,515.194,503.3398,514.9771,-591.9376,-269.9101,-741.0024,752575935
854507869564,85,515.2599,503.4825,514.8391,-643.766,-460.9653,307.5388,752575935
854507869565,85,515.1761,503.2397,515.1678,-527.3494,-177.8483,-453.4984,752575935
854507869566,85,515.376,503.4339,515.4156,-631.4966,-395.6404,-11.8574,752575935
854507869569,85,515.3107,503.4978,514.7733,-122.5242,-301.3382,-185.1536,752575935
854507869570,85,515.2632,503.5681,514.792,-474.4717,-346.9026,-49.7953,752575935
854507869571,85,514.9614,503.3922,514.8889,-377.3979,-31.828,-276.1402,752575935
854507869572,85,515.2146,503.1646,514.8975,-721.9949,-512.11,-413.749,752575935
854507869573,85,515.1182,503.5135,514.7298,-539.2731,-316.7923,186.1462,752575935
854507869574,85,514.8912,503.6066,515.0195,-384.0859,-273.4636,-213.9048,752575935
854507869575,85,515.0576,503.1965,514.8469,-602.1413,-396.4307,-416.0368,752575935
854507869577,85,515.2538,503.4581,514.9134,-838.8431,-618.313,-730.3698,752575935
854507869578,85,515.2335,503.4155,514.8777,-84.2688,-701.2648,-511.7226,752575935
854507869579,85,515.327,503.4274,514.8388,-939.9712,-749.5869,46.829,752575935
854507869580,85,515.0337,503.1495,515.1179,-551.9566,-258.3487,-405.0099,752575935
854507869581,85,514.9906,503.2519,514.8304,-577.3992,-402.5195,-287.1329,752575935
854507869582,85,515.1974,503.3916,514.8953,-359.0802,-521.3681,-224.5215,752575935
854507869583,85,515.2383,503.4391,514.8585,-182.3618,148.5679,-510.2863,752575935
854507869584,85,515.3373,503.4512,515.1216,-591.3204,-354.0368,199.8909,752575935
854507869585,85,515.2251,503.4172,514.9544,-567.6157,-434.6629,-136.7794,752575935
854507869586,85,515.2536,503.4309,514.8839,-224.1848,26.748,-526.3259,752575935
854507869587,85,515.2014,503.3896,514.902,-514.5956,-156.1822,-559.3736,752575935
854507869588,85,515.2156,503.5534,514.6489,-470.0442,-302.9878,-148.5158,752575935
854507869589,85,515.1567,503.386,514.8839,-463.6909,-84.4401,-835.288,752575935
854507869591,85,515.0401,503.4062,514.8938,-587.5677,-392.468,-313.1623,752575935
854507869592,85,515.6373,503.5306,514.9858,-547.751,-266.3463,-236.6113,752572992
854507869593,85,514.944,503.3746,514.6811,-327.2104,-265.1388,-393.6108,752575935
854507869594,85,515.2502,503.3897,514.8852,-653.9732,-524.0294,-13.1663,752575935
854507869595,85,515.2679,503.5176,514.919,-787.649,-312.2287,24.4637,752575935
854507869596,85,515.3058,503.4032,514.8953,-583.5576,-511.7487,-810.069,752575935
854507869597,85,515.3182,503.3879,514.9401,-918.0213,-314.3003,-380.8396,752575935
854507869598,85,515.3008,503.3583,515.0601,-708.4141,-671.9714,-356.5005,752575935
854507869599,85,515.1201,503.3361,514.7808,-510.5527,17.7458,-474.0705,752575935
854507869600,85,515.2079,503.3777,514.9338,-429.3317,-811.5624,186.1445,752575935
854507869601,85,515.2516,503.3966,514.8748,-520.9348,-395.1875,54.8993,752575935
854507869602,85,515.2725,503.4076,514.8708,-128.113,-277.1918,-167.1152,752575935
854507869603,85,515.2585,503.4081,514.8787,-1052.2163,-463.0641,-202.6615,752575935
854507869604,85,515.2689,503.4328,514.8685,-315.5779,69.3703,-185.4027,752575935
854507869605,85,515.2838,503.4217,514.9167,-260.5699,-500.44,353.3361,752575935
854507869606,85,515.0286,503.2516,514.8616,-637.2119,-456.1615,-601.723,752575935
854507869607,85,515.5499,503.6914,514.7613,-503.0275,-305.5824,39.2022,752575935
854507869608,85,515.0233,503.3411,514.7501,-354.731,42.1406,-137.3932,752575935
854507869609,85,515.2287,503.4016,514.8927,-117.9925,-237.0901,-303.2504,752575935
854507869610,85,515.3011,503.4537,514.8633,-501.2991,-358.6727,-245.7662,752575935
854507869611,85,515.2829,503.4174,514.8868,-349.3419,-45.9033,-358.844,752575935
854507869612,85,515.2523,503.446,514.8941,-411.3691,-108.3305,139.5014,752575935
854507869613,85,515.2274,503.467,515.0593,-587.9009,-416.8341,-284.664,752575935
854507869614,85,515.2969,503.4084,514.9124,-528.6892,-246.01,225.182,752575935
854507869615,85,515.1496,503.3128,514.9726,-839.7021,-516.6517,-655.5303,752575935
854507869616,85,515.1408,503.4761,514.8698,-183.1971,-585.7558,-440.4319,752575935
854507869618,85,515.3638,503.4195,515.0675,-877.7264,-557.033,62.3368,752575935
854507869619,85,515.0407,503.2805,514.8856,-333.2701,-138.3663,-635.4156,752575935
854507869620,85,515.2877,503.36,514.8082,-301.8358,26.1543,100.0123,752575935
854507869621,85,515.3685,503.5329,514.9404,-646.231,-931.8293,-95.2954,752575935
854507869622,85,515.468,503.4818,514.8729,-331.5968,-558.6025,-170.3077,752575935
854507869623,85,515.0981,503.3855,514.8102,-554.3572,-776.1731,-578.4695,752575935
854507869624,85,515.2773,503.4679,515.0342,-1023.4541,-91.4432,-296.0526,752575935
854507869625,85,515.7697,503.4907,514.9135,-973.888,-73.0857,-279.3138,752572992
854507869627,85,515.08,503.3798,514.7989,-56.8802,15.8018,-587.7275,752575935
854507869628,85,514.8602,503.3175,515.0093,-604.6981,-156.2221,-413.5857,752575935
854507869629,85,514.9089,503.4106,514.918,-433.6554,79.6322,-273.5959,752575935
854507869630,85,515.1027,503.5918,514.9406,-31.5676,-271.1391,-404.1125,752575935
854507869634,85,515.6407,503.6161,514.8513,-1055.4995,-188.9819,-228.7282,752572992
854507869635,85,515.1627,503.083,515.0772,-660.4289,-164.7437,-330.9157,752575935
854507869636,85,514.8779,503.2157,515.055,-416.5997,-102.9854,-414.7453,752575935
854507869637,85,514.8566,503.233,514.8959,-585.3851,-26.9158,-294.9755,752575935
854507869638,85,515.1479,503.556,514.8692,35.0349,-348.6434,-239.3748,752575935
854507869639,85,515.3651,503.3222,515.0538,-284.4731,-691.2416,-293.5182,752575935
854507869640,85,515.4658,503.7163,514.8756,-402.3565,-793.6254,-432.3199,752575935
854507869644,85,515.249,503.5302,514.9636,-681.8671,-195.6831,216.8617,752575935
854507869645,85,515.0657,503.341,514.6645,-481.1373,77.2205,-113.3441,752575935
854507869646,85,515.446,503.3708,514.9152,-276.5631,115.0133,-150.1512,752575935
854507869647,85,515.3738,503.4981,515.5444,-387.2179,-379.1684,-590.791,752575935
854507869648,85,515.9693,503.3997,514.9935,-957.6649,-457.7945,-147.9501,752572992
854507885963,85,515.4163,503.5721,515.0243,-713.5233,-86.6906,308.7563,752575935
854507885977,85,515.2925,503.3714,514.912,-947.4985,-109.5495,-181.1267,752575935
854507885978,85,515.1766,503.5189,515.0045,-483.2973,-934.0205,-640.6825,752575935
854507885979,85,514.8878,503.2701,515.0433,-499.7107,-613.8414,-618.825,752575935
854507885981,85,515.255,503.191,514.8276,-214.7552,-725.3671,245.9615,752575935
854507885986,85,514.8288,503.4692,514.671,-367.2714,-338.8701,-436.2215,752575935
854507885987,85,515.4169,503.0361,515.061,-585.8528,43.5305,-557.4366,752575935
854507885989,85,515.2264,503.1521,514.9065,-529.085,-743.931,264.3283,752575935
854507885993,85,515.3455,503.3709,514.9564,-726.1347,90.3395,267.8294,752575935
854507885994,85,515.392,503.4481,514.7715,-531.5674,-601.4055,200.9423,752575935
854507885995,85,515.1933,503.2269,514.7739,-459.5209,-591.7586,-255.5957,752575935
854507885997,85,515.1514,503.2069,514.9281,-1006.4479,-481.6047,224.3131,752575935
854507886001,85,515.3441,503.4569,515.0907,-538.6208,-426.9499,293.3511,752575935
854507886002,85,515.2476,503.2195,514.779,-618.1396,-737.7151,-253.6093,752575935
854507886009,85,515.2298,503.4592,514.8044,-139.457,-926.5991,-589.7874,752575935
854507886011,85,514.8855,503.2245,515.0336,-716.8006,248.6438,-216.6353,752575935
854508901749,85,515.6116,503.4404,515.0469,-376.0788,-799.9282,-31.9575,752575935
854508901751,85,515.3752,503.0609,515.0878,-722.8463,-574.192,-95.9145,752575935
854508901756,85,515.4944,503.8274,514.778,-120.0501,-426.2929,45.7529,752575935
854508901759,85,515.1272,503.5024,514.7986,-333.3821,-366.8157,-369.3698,752575935
854508901760,85,515.3107,503.5076,514.6645,25.2714,-336.6859,-125.9555,752575935
854508901767,85,515.244,503.2955,514.8899,-516.9807,76.1238,-712.9247,752575935
854508901768,85,515.0445,503.3223,514.8058,-613.7988,-541.5206,-205.1327,752575935
854508901774,85,515.5024,503.4332,515.0092,-428.0883,-492.3083,-207.1022,752575935
854508901775,85,515.2227,503.3409,515.0375,-753.7216,-267.5157,-407.9607,752575935
854508901776,85,515.3002,503.45,514.9011,-445.8648,-899.3705,51.8846,752575935
854508901781,85,514.6417,503.4166,514.8568,-433.0209,-191.6275,-550.9625,752575934
854508901782,85,515.1779,503.3617,514.9331,-598.051,-904.6439,-220.7554,752575935
854508901783,85,515.1329,503.1108,515.0082,-680.6065,-401.6589,-296.2009,752575935
854508901784,85,515.3676,503.4148,514.9403,-634.7065,-395.9527,-43.2936,752575935
854508901789,85,515.2764,503.4277,514.7336,-205.4745,-330.7185,-628.6918,752575935
854508901790,85,515.314,503.5656,514.7693,-164.9807,-311.45,118.4669,752575935
854508901791,85,515.2121,503.5524,514.8129,-494.7878,23.0141,-343.9512,752575935
854508901792,85,515.3562,503.3904,514.8845,-644.3846,-317.7458,-107.7532,752575935
854508901798,85,515.2433,503.5431,514.9887,-537.9013,-721.454,-221.4851,752575935
854508901799,85,514.9292,503.1833,514.9091,-466.3037,-156.499,-408.31,752575935
854508901800,85,515.3254,503.3907,514.9325,-812.035,-349.4326,-222.7486,752575935
854508901805,85,515.8457,503.4635,514.8648,-967.5522,-136.5473,-115.1655,752572992
854508901806,85,515.3351,503.4788,514.8698,-680.6307,493.9515,-490.6963,752575935
854508901807,85,515.1879,503.4691,514.8571,-629.5103,305.2365,-598.9709,752575935
854508901808,85,515.3536,503.292,514.9072,-954.4288,71.129,-614.8085,752575935
854508901814,85,515.7272,503.5735,514.8821,-981.067,-7.6685,-302.2284,752572992
854508901815,85,515.7084,503.5657,514.8604,-1009.7892,-129.0275,-267.424,752572992
854508901816,85,515.8641,503.5086,514.8657,-939.9827,-67.9905,-273.6667,752572992
854508918129,85,515.575,503.38,515.1292,-1028.0076,-470.6663,-347.526,752575935
854508918130,85,515.4829,503.4117,515.0626,-687.9687,-633.0146,-365.946,752575935
854508918131,85,515.3719,503.6034,515.1992,-440.1548,-305.8947,-305.1128,752575935
854508918132,85,515.3578,503.3948,515.0288,-325.8748,-745.4468,133.0706,752575935
854508918137,85,515.2346,503.3668,514.8315,-335.1268,-156.556,-325.8671,752575935
854508918138,85,515.1777,503.4653,514.8653,50.8798,-389.0046,-140.7274,752575935
854508918139,85,515.4454,503.4179,514.9101,-396.6643,-332.9743,3.9731,752575935
854508918140,85,515.2502,503.4341,514.8674,-169.1387,-619.3255,-247.6456,752575935
854508918141,85,515.3019,503.4117,514.9319,-977.5694,-966.4916,-374.6107,752575935
854508918142,85,515.504,503.4913,515.343,-646.3904,-303.759,-193.3013,752575935
854508918145,85,515.0433,503.2676,514.782,-166.5559,-18.3404,-330.6768,752575935
854508918146,85,515.3486,503.2446,514.954,-715.7098,-599.8218,-141.685,752575935
854508918147,85,515.2697,503.4118,514.8997,-259.8222,-572.6007,-196.2298,752575935
854508918148,85,515.3045,503.4609,514.9445,71.8309,-355.8076,-207.3961,752575935
854508918149,85,515.162,503.2902,514.942,-207.745,-420.2868,-247.7214,752575935
854508918150,85,515.2375,503.3627,514.9502,-271.857,-98.7777,-180.1324,752575935
854508918153,85,515.2316,503.4008,514.8478,343.5782,-227.6505,-129.3988,752575935
854508918154,85,515.2369,503.4138,514.8792,-1277.7094,-478.2397,-487.2339,752575935
854508918155,85,515.1617,503.2578,515.0328,-435.8454,-154.6289,-275.9707,752575935
854508918156,85,515.0789,503.1719,515.0673,-539.5254,-126.7284,-493.3143,752575935
854508918157,85,514.9044,503.1649,514.956,-573.1902,-250.7342,-486.7212,752575935
854508918158,85,515.3034,503.4835,515.0552,-973.5461,-443.064,66.4601,752575935
854508918159,85,515.3015,503.4698,514.8658,-360.591,-496.0776,-23.8346,752575935
854508918161,85,515.2295,503.4006,514.8942,-591.8546,-350.05,-423.0332,752575935
854508918162,85,515.3229,503.4632,514.8335,-735.7905,-462.9909,202.5807,752575935
854508918163,85,515.2485,503.399,514.8681,-264.61,-452.6075,-0.1435,752575935
854508918164,85,515.3109,503.4255,514.8865,127.8451,-244.0066,118.6868,752575935
854508918165,85,515.2607,503.4322,514.8713,-535.9896,503.6245,-95.8733,752575935
854508918166,85,515.2065,503.4456,514.8712,-656.3566,-169.4609,-293.2902,752575935
854508918167,85,515.2734,503.4356,514.895,-395.1356,41.594,-191.2582,752575935
854508918168,85,515.2315,503.428,515.0026,-894.9631,-423.6943,-318.1309,752575935
854508918169,85,515.3112,503.4627,514.8848,-605.7668,-729.8676,-473.4054,752575935
854508918170,85,515.2842,503.3634,514.9124,-894.1962,-16.4803,-172.8103,752575935
854508918171,85,515.2794,503.4347,514.886,-562.3074,-563.3167,-251.5845,752575935
854508918172,85,515.2231,503.3968,514.9021,-858.3491,-253.8642,-132.6655,752575935
854508918173,85,515.2615,503.4123,514.8459,-421.1336,-316.2018,-119.6228,752575935
854508918174,85,515.319,503.4081,514.8984,-595.4634,-392.524,-52.9951,752575935
854508918175,85,515.4043,503.4696,515.0956,-730.2604,-660.179,-312.2237,752575935
854508918176,85,515.1533,503.4232,514.8782,-802.0134,-33.0358,40.0231,752575935
854508918177,85,515.2162,503.4046,514.8844,-405.6766,79.7689,-598.9188,752575935
854508918178,85,515.2617,503.387,514.9427,-975.1083,-176.0004,-632.3673,752575935
854508918179,85,515.2769,503.4427,514.8902,-382.1518,-481.2877,-236.099,752575935
854508918180,85,515.2744,503.4166,514.8848,-902.6801,-370.5496,-457.8904,752575935
854508918181,85,515.3718,503.4282,514.8487,-249.9984,-365.3249,280.272,752575935
854508918182,85,515.324,503.3553,514.8655,-1000.1102,-413.7339,47.8243,752575935
854508918183,85,515.1193,503.4771,514.8763,-291.0167,-133.6345,-379.4363,752575935
854508918184,85,515.0668,503.4935,514.9294,-409.8449,-269.5906,-234.3985,752575935
854508918185,85,515.2548,503.3784,514.8732,-526.3532,-205.0914,-298.2656,752575935
854508918186,85,515.2127,503.3808,514.9274,-596.1518,-298.0075,-433.1726,752575935
854508918187,85,515.2832,503.4403,514.8585,-602.9813,-268.3807,-389.9217,752575935
854508918188,85,515.2401,503.4178,514.8891,-728.5982,-523.1746,-380.2801,752575935
854508918189,85,515.2761,503.4434,514.8743,-319.2941,-161.5099,-221.2703,752575935
854508918190,85,515.2397,503.5861,515.231,-429.7866,-340.9455,-262.4331,752575935
854508918191,85,515.2176,503.2821,514.7454,-264.7725,-22.356,-76.4789,752575935
854508918194,85,515.4076,503.4387,514.729,-13.2129,-67.6743,-175.3773,752575935
854508918195,85,515.2342,503.3671,514.9471,-426.7441,-84.1946,-200.8082,752575935
854508918196,85,515.2753,503.4731,514.8501,-451.7476,-686.3742,101.906,752575935
854508918197,85,515.2206,503.4262,514.8851,-336.684,-331.4432,-260.5519,752575935
854508918198,85,515.1259,503.4677,514.72,-285.6676,-361.1244,-161.6808,752575935
854508918199,85,515.3029,503.3424,514.5251,-179.8299,-390.5418,-578.8367,752575932
854508918200,85,515.4901,503.5688,514.8516,-489.0459,-772.7183,-292.3942,752575935
854508918201,85,515.7885,503.5226,514.9008,-948.5967,-73.2021,-267.9966,752572992
854508918203,85,515.2706,503.1147,514.808,-385.6805,-462.8546,-172.0372,752575935
854508918204,85,515.0377,503.4152,514.8874,-444.2525,-425.3894,-300.4435,752575935
854508918205,85,515.3866,503.4704,514.7518,-157.2827,-421.8897,-659.1578,752575935
854508918206,85,515.0967,503.3458,514.9745,-149.1382,148.2252,-425.5418,752575935
854508918207,85,514.9266,503.1357,515.0109,-540.1869,-357.8339,-322.1335,752575935
854508918208,85,515.1366,503.1858,514.6973,-405.1156,-293.2894,-110.9075,752575935
854508918210,85,515.9198,503.4777,514.8312,-954.4584,-156.097,-238.6212,752572992
854508918212,85,515.1854,503.5701,515.0333,-538.8972,-475.383,-232.4919,752575935
854508918213,85,515.2177,503.6039,514.931,-378.7657,-341.5821,150.2561,752575935
854508918214,85,515.187,503.5998,514.9525,-851.5467,-378.0771,-110.2813,752575935
854508918215,85,515.1324,503.3873,514.9885,16.8211,-674.0237,-53.2852,752575935
854508918223,85,514.9654,503.5753,514.8784,-974.2511,1.8652,-415.188,752575935
854508934538,85,515.7203,503.6718,515.5021,-739.9694,-85.4427,-88.1275,752572992
854508934539,85,515.7405,503.7078,515.4798,-895.7274,-214.2963,-147.1984,752572992
854508934545,85,515.1296,503.601,515.3414,-693.2614,-574.38,-593.6564,752575935
854508934546,85,515.8401,503.7371,515.4658,-670.8917,-231.5817,-277.6584,752572992
854508934547,85,515.7458,503.6888,515.5088,-675.4848,-281.9846,-211.1197,752572992
854508934548,85,515.1352,503.2802,514.6851,-80.7875,-520.4488,-573.7911,752575935
854508934553,85,515.1017,503.602,515.3788,-670.2332,-520.1729,-580.6602,752575935
854508934554,85,515.7651,503.7508,515.4637,-746.4236,-418.9981,-210.4995,752572992
854508934555,85,515.0571,503.4385,515.1075,-706.7388,-530.7971,-646.7901,752575935
854508934557,85,515.2728,502.9457,515.0847,-483.0478,-502.2232,147.6372,752575935
854508934558,85,515.2518,503.1139,514.8773,-462.8897,-689.4139,235.5431,752575935
854508934563,85,515.0634,503.6118,515.2932,-624.8594,-404.1168,-585.0688,752575935
854508934565,85,515.2416,503.1033,514.8585,-462.8549,-693.8635,209.4094,752575935
854508934566,85,515.2347,503.5822,514.5802,-509.0206,-961.4432,-169.2478,752575932
854508934572,85,514.9507,503.2233,514.9958,-227.1364,168.1115,-290.412,752575935
854508934585,85,515.2787,503.3929,514.8368,-1058.3531,12.1578,65.0213,752575935
854508934587,85,514.9165,503.0763,514.9183,-804.6166,145.2156,-82.2818,752575935
854509950328,85,515.3044,503.3568,514.9672,-860.1653,83.2103,-965.5324,752575935
854509950335,85,514.9726,503.4969,515.0744,-728.8547,-240.7513,-420.3043,752575935
854509950336,85,515.0549,503.3197,514.6866,-295.0491,-306.6021,-575.7584,752575935
854509950342,85,515.3112,502.9349,515.1354,-808.3884,-132.3435,-455.622,752575935
854509950343,85,515.424,503.5077,514.6393,-409.1608,-274.998,-535.0704,752575932
854509950344,85,515.1782,503.4386,514.9349,-860.576,-107.9301,-619.9038,752575935
854509950350,85,515.2557,503.3093,515.0543,-691.8245,-556.4778,-484.182,752575935
854509950351,85,515.1581,503.3563,514.7567,-295.9625,226.8373,-371.6201,752575935
854509950352,85,515.2986,503.4057,514.8731,-707.9767,-744.9195,-161.6096,752575935
854509950357,85,514.9503,503.6899,514.7975,-294.6017,-182.1927,-202.8446,752575935
854509950358,85,515.3998,503.4831,514.9146,-89.3521,121.174,-71.7626,752575935
854509950359,85,515.3325,503.3513,515.0155,-21.9238,-274.7826,-242.2058,752575935
854509950360,85,515.1938,503.4207,514.8238,-815.4183,-183.2393,-677.27,752575935
854509950366,85,515.3214,503.2941,515.0121,-744.5371,-651.665,158.479,752575935
854509950367,85,515.2199,503.5165,514.8423,-262.3219,-315.8685,-416.9992,752575935
854509950368,85,515.2124,503.4128,514.8563,-918.2365,-210.8449,-444.4226,752575935
854509950373,85,515.8683,503.4466,514.9565,-979.7488,-100.9831,-195.4106,752572992
854509950375,85,515.3987,503.6043,515.1115,-914.9741,-478.1216,-337.3817,752575935
854509950376,85,515.2439,503.3991,514.8911,-281.0187,-226.381,-247.0962,752575935
854509950382,85,515.3267,503.561,515.0027,-1262.3036,-455.8455,-323.4395,752575935
854509950384,85,515.2795,503.5254,514.9197,-590.9392,241.239,-373.4022,752575935
854509950390,85,516.0306,503.3785,514.9478,-911.0148,-45.2148,-308.2775,752572992
854509950391,85,515.5043,503.6033,514.8724,-1144.283,-110.5688,-290.0393,752575935
854509950392,85,515.8724,503.5238,514.8716,-922.7764,-80.2189,-259.0088,752572992
854509966705,85,514.9733,503.3046,514.8063,-725.7664,-189.1705,-282.7797,752575935
854509966706,85,515.6032,503.6359,515.048,-361.2283,-259.3445,-359.0114,752575935
854509966707,85,515.3851,503.2868,514.9867,-795.6424,-203.7555,-256.4465,752575935
854509966708,85,515.2633,503.2732,514.9841,-663.3018,-186.4926,-723.1971,752575935
854509966713,85,515.2608,503.4935,514.8147,-34.1114,-47.8225,-728.3751,752575935
854509966714,85,515.2372,503.3821,514.8156,-50.9593,-531.4526,-220.5314,752575935
854509966715,85,515.1181,503.441,514.8177,-201.0631,-458.6154,-398.4896,752575935
854509966716,85,515.3381,503.3736,514.8891,-739.1246,-619.1697,-21.7104,752575935
854509966717,85,515.2488,503.4962,514.8353,-579.7609,185.5847,-252.3017,752575935
854509966718,85,515.5351,503.5582,515.2176,-583.2379,-353.9614,-223.5746,752575935
854509966721,85,514.9553,503.2545,514.9265,-743.1111,-294.5454,-469.4674,752575935
854509966722,85,515.2491,503.4549,515.0878,-603.7991,-331.5042,-269.9351,752575935
854509966723,85,515.0847,503.2383,515.0092,-506.5808,-19.9249,-503.495,752575935
854509966724,85,515.1929,503.3567,514.9055,-1061.8969,-476.0958,-374.4473,752575935
854509966725,85,515.1768,503.4913,514.98,-687.6248,-92.4075,-204.5199,752575935
854509966726,85,515.3362,503.3812,514.9266,-807.1108,-85.9383,306.6164,752575935
854509966729,85,515.379,503.6632,514.8779,-327.9231,-670.159,-53.875,752575935
854509966730,85,515.3047,503.5089,514.8712,-979.1449,-475.0436,82.7229,752575935
854509966731,85,515.22,503.4102,514.8861,-453.9411,-57.9859,-162.0087,752575935
854509966732,85,515.327,503.4206,514.8831,-411.8655,-430.8286,-19.9063,752575935
854509966733,85,515.2842,503.4307,514.97,-487.3982,-136.1162,-223.5097,752575935
854509966734,85,515.2631,503.4496,514.7761,-861.9265,1.2898,55.1172,752575935
854509966735,85,515.1629,503.5381,514.8333,-137.9555,-525.4742,260.0541,752575935
854509966736,85,515.2502,503.5198,515.2509,-745.6716,-536.757,-678.2278,752575935
854509966737,85,515.1465,503.2989,514.7787,-291.431,121.9711,-268.3951,752575935
854509966738,85,515.28,503.4186,514.8884,-41.9955,-422.5428,-385.857,752575935
854509966739,85,515.3085,503.3857,514.9214,-1134.0272,-405.4893,-173.6927,752575935
854509966740,85,515.2412,503.3982,514.8775,-494.736,-164.3047,-316.2128,752575935
854509966741,85,515.3339,503.4584,514.9774,-566.3364,-365.5504,323.0693,752575935
854509966743,85,515.1827,503.3203,514.6549,-409.9481,-421.1851,-320.6853,752575935
854509966744,85,515.0753,503.6139,515.3572,-700.1921,-572.4905,-527.3411,752575935
854509966745,85,515.1928,503.4444,514.8485,-660.7064,-249.7492,-96.959,752575935
854509966746,85,515.2034,503.3947,515.0208,-657.5494,-391.0274,-52.9737,752575935
854509966747,85,515.2377,503.4314,514.8738,-594.6554,-144.4852,-83.286,752575935
854509966748,85,515.2321,503.3896,514.8988,-829.4103,-380.799,-154.0657,752575935
854509966749,85,514.8599,503.4943,514.6815,-566.7504,-198.7992,-569.1535,752575935
854509966750,85,515.2355,503.4063,514.9064,4.3154,-261.4833,136.7487,752575935
854509966751,85,515.5164,503.2546,514.9977,-543.6343,-175.142,-240.5795,752575935
854509966752,85,515.0804,503.5681,515.2846,-607.4522,-587.8446,-613.3838,752575935
854509966753,85,515.2015,503.3891,514.9357,-486.6793,-104.5993,-305.3274,752575935
854509966754,85,515.2567,503.4528,514.9076,-495.8984,-693.6326,-494.5993,752575935
854509966755,85,515.2249,503.4189,514.8751,-643.0684,-693.7727,-641.8146,752575935
854509966756,85,515.3008,503.4121,514.9119,-941.3634,-494.1837,-13.441,752575935
854509966757,85,515.3946,503.4186,514.9547,-893.4343,-283.5935,-254.1745,752575935
854509966758,85,515.2687,503.3833,514.8997,-1111.2196,-479.0471,-228.1409,752575935
854509966759,85,515.0451,503.1852,514.7869,-306.2536,-372.3982,-377.9154,752575935
854509966762,85,515.2752,503.4159,514.9108,-894.4482,-625.6162,-223.6129,752575935
854509966763,85,515.1796,503.3568,514.9337,-334.5287,-285.0228,-283.1259,752575935
854509966764,85,515.3572,503.4653,514.8304,-120.5854,-92.9821,89.3182,752575935
854509966765,85,515.1929,503.3807,514.8786,-758.8492,-673.6663,-215.7757,752575935
854509966766,85,515.2351,503.4149,514.6086,7.4819,-100.8567,-459.1459,752575932
854509966767,85,515.257,503.3195,514.915,-625.3407,-149.1113,131.3574,752575935
854509966770,85,515.0217,503.273,515.038,-409.1295,-394.2297,-432.7906,752575935
854509966771,85,515.3346,503.365,515.0131,-565.3248,-357.8811,-324.5079,752575935
854509966772,85,515.2418,503.4082,514.8083,-481.0769,-455.7336,-455.6161,752575935
854509966773,85,515.3754,503.5189,514.9918,-543.6799,-247.9233,-350.216,752575935
854509966776,85,515.197,503.3671,515.0112,-868.4745,-228.2288,58.0277,752575935
854509966777,85,515.7118,503.5377,514.8426,-999.3441,-76.1132,-207.8427,752572992
854509966778,85,515.0222,503.3414,514.8584,-861.144,-888.4768,-373.9097,752575935
854509966780,85,515.3602,503.2984,514.8519,-184.8254,-358.5917,-227.7774,752575935
854509966781,85,515.3557,503.5245,514.8684,-24.2242,66.7733,-443.4973,752575935
854509966782,85,515.3224,503.5038,514.8848,-575.8303,142.558,-826.3768,752575935
854509966783,85,515.3746,503.3701,515.1085,-224.2218,-334.0931,-52.8036,752575935
854509966784,85,515.3722,503.3843,514.9868,-406.912,60.2573,-427.2908,752575935
854509966787,85,514.9467,503.6357,514.8096,-977.4574,-598.3524,-299.4789,752575935
854509966789,85,515.4222,503.21,514.8547,-221.4141,-329.808,-348.5309,752575935
854509966790,85,515.451,503.1624,514.9388,-255.049,-295.1756,-302.6647,752575935
854509966797,85,515.4992,503.2092,514.8753,-981.3126,157.6683,-203.986,752575935
854509966798,85,514.9908,503.7191,515.0507,-742.4418,50.274,-59.8444,752575935
854509983105,85,515.4568,503.4018,515.23,-898.2559,-259.0154,-428.3695,752575935
854509983106,85,515.547,503.4926,515.4416,-937.509,-271.2663,-150.6906,752575935
854509983107,85,515.7623,503.6924,515.4723,-490.6955,-98.1773,-155.2517,752572992
854509983113,85,515.7454,503.6939,515.51,-504.5294,-341.9199,-127.6668,752572992
854509983114,85,515.7391,503.6998,515.5131,-769.1484,-422.4252,-409.1607,752572992
854509983115,85,515.7491,503.7022,515.4987,-809.7622,-221.0799,-227.8836,752572992
854509983116,85,515.6805,503.6808,515.419,-653.9788,-233.4561,-300.6749,752572992
854509983121,85,515.7186,503.7085,515.4832,-771.1146,-240.5248,-158.1889,752572992
854509983122,85,515.7495,503.6921,515.5121,-805.1105,-314.1358,-189.6084,752572992
854509983123,85,515.748,503.6991,515.5056,-786.3882,-295.0638,-143.4365,752572992
854509983124,85,515.6039,503.7206,515.4659,-738.5812,-276.6344,-313.8965,752575935
854509983126,85,515.1716,503.2262,514.5856,-164.6473,-722.7986,35.3595,752575932
854509983129,85,515.7479,503.6177,515.4589,-704.8541,-224.6606,-142.1181,752572992
854509983130,85,515.7274,503.6892,515.494,-734.1282,-69.2987,-145.8844,752572992
854509983131,85,515.7501,503.7069,515.5085,-675.7895,-158.6649,-274.1429,752572992
854509983137,85,515.5396,503.6306,515.5812,-630.8555,-347.7491,-450.8658,752575935
854509983139,85,515.6033,503.7146,515.5433,-607.4627,-336.9258,-388.8118,752575935
854509983143,85,515.2452,503.6383,514.5219,-532.1642,-897.458,-163.1785,752575932
854509983145,85,515.0967,503.3011,514.7265,36.673,-461.086,-417.676,752575935
854509983146,85,515.7607,503.7451,515.4653,-793.3691,-133.5175,-188.1991,752572992
854509983153,85,515.4445,503.6136,515.2401,-489.4356,-368.8492,-207.6978,752575935
854509983154,85,515.386,503.3305,514.912,-945.5917,-536.7774,-699.9393,752575935
854509983161,85,515.3239,503.3643,514.7646,-762.2209,-126.8223,-123.069,752575935
854510998902,85,515.4042,503.8273,514.7189,-181.5379,-334.3862,145.7875,752575935
854510998909,85,515.55,503.7299,515.1355,-330.0978,-451.2762,165.8827,752575935
854510998911,85,515.5685,503.451,514.7714,-440.9796,-479.4222,81.3878,752575935
854510998912,85,514.9955,503.4634,514.7946,-277.1741,-225.6122,-194.4286,752575935
854510998919,85,515.382,503.4427,514.8762,87.5879,-254.3314,-620.0472,752575935
854510998920,85,515.2684,503.3991,514.902,-891.2373,-519.4415,-302.5487,752575935
854510998926,85,515.4688,503.5323,514.6784,-268.6482,-510.169,38.3046,752575935
854510998927,85,515.3258,503.3801,514.9188,38.7875,-287.9473,-416.7763,752575935
854510998928,85,515.2917,503.4684,514.8489,-154.7347,-143.9249,240.8664,752575935
854510998935,85,515.3643,503.4765,514.8083,-410.2955,-268.6806,-339.775,752575935
854510998936,85,515.2404,503.4065,514.8819,-354.3581,-221.8274,311.4846,752575935
854510998942,85,515.4122,503.345,514.9396,-379.3097,362.9246,-477.2674,752575935
854510998943,85,515.4006,503.5061,514.53,-617.5035,-314.5403,26.0231,752575932
854510998944,85,515.1348,503.3043,514.8557,-370.2299,-304.4173,-319.6424,752575935
854510998950,85,515.2957,503.5654,514.9622,-1286.0045,-407.1892,-349.3181,752575935
854510998952,85,515.2746,503.5215,514.7242,-795.5798,-406.187,74.0684,752575935
854510998958,85,515.8837,503.4566,514.9167,-1000.3786,-181.4366,-236.8319,752572992
854510998959,85,515.4416,503.5598,514.9697,-1256.6812,-339.3137,-228.9371,752575935
854510998960,85,514.9513,502.9912,514.9591,-212.1346,-22.5652,-311.1713,752575935
854510998968,85,515.5408,503.5772,514.8575,-1115.1978,-64.9076,-257.5515,752575935
854511015281,85,515.1682,503.5051,514.9245,-699.5737,-803.6309,-599.748,752575935
854511015282,85,515.2983,503.4354,515.004,-254.9828,-331.3411,-519.2779,752575935
854511015283,85,515.2611,503.2234,515.0427,-756.509,-742.9982,-231.827,752575935
854511015284,85,515.0663,503.1503,515.0345,-597.7785,-304.8623,-502.0645,752575935
854511015285,85,515.7571,503.6586,515.0005,-166.5954,-139.6125,-234.2971,752572992
854511015289,85,515.5006,503.5141,514.796,-306.6446,-447.9633,128.6339,752575935
854511015290,85,515.2141,503.5441,514.7126,-168.7588,-248.4651,-9.8061,752575935
854511015291,85,515.2651,503.2667,514.9903,-698.7145,-242.9011,-440.0933,752575935
854511015292,85,515.2727,503.4046,514.8539,-139.6762,-181.7301,25.5568,752575935
854511015293,85,514.9883,503.4869,514.9092,-256.0309,-495.9397,-566.088,752575935
854511015296,85,515.4755,503.7028,515.1477,-745.6086,12.9631,-99.9244,752575935
854511015297,85,515.3471,503.5352,514.8673,-639.8264,-548.7596,-254.921,752575935
854511015299,85,515.2394,503.382,514.8577,-434.861,-378.376,-369.7509,752575935
854511015300,85,515.2889,503.4319,514.9633,-383.4123,-1074.8483,-17.3379,752575935
854511015301,85,514.9758,503.3195,514.9122,-758.0638,-423.9944,-518.6265,752575935
854511015302,85,515.0723,503.6464,514.9231,-570.1744,-376.3477,-499.5219,752575935
854511015305,85,515.2613,503.4045,514.8546,-108.0169,-107.5657,-295.3136,752575935
854511015306,85,515.2914,503.4359,514.8652,-405.6833,-114.2458,-484.8996,752575935
854511015307,85,515.1946,503.3864,514.9225,-668.0802,-309.7471,-281.703,752575935
854511015308,85,515.2563,503.4805,514.8351,-516.0684,-542.6404,-152.5356,752575935
854511015309,85,515.2768,503.4185,514.8152,-488.8784,-264.3491,76.2338,752575935
854511015310,85,515.1016,503.6726,514.9125,-421.1179,-269.4778,-421.6798,752575935
854511015311,85,515.1748,503.1636,514.9665,-515.4111,-591.7669,-535.6744,752575935
854511015312,85,515.7493,503.6896,515.5152,-892.6992,-216.1814,-384.2248,752572992
854511015313,85,515.1935,503.4121,514.8262,-29.4201,-458.0378,-42.3155,752575935
854511015314,85,515.2798,503.4058,514.8812,-40.3677,-355.109,-537.3661,752575935
854511015315,85,515.2892,503.4314,514.9036,-541.4009,-246.7337,-126.9733,752575935
854511015316,85,515.251,503.4315,514.8793,-742.6647,-557.3812,-162.6298,752575935
854511015317,85,515.2901,503.3534,514.9422,-760.7851,-207.606,-351.2896,752575935
854511015318,85,515.2916,503.3402,514.8126,-329.2837,-30.2261,200.0594,752575935
854511015319,85,515.002,503.2613,514.8836,-238.3946,-415.7982,-877.4503,752575935
854511015320,85,515.8027,503.6394,515.4625,-692.5295,-281.5151,-200.336,752572992
854511015321,85,515.2097,503.3895,514.7738,-179.2199,111.131,99.5791,752575935
854511015322,85,515.3759,503.5752,514.8381,-442.4354,-538.5786,-189.4899,752575935
854511015323,85,515.2085,503.3812,514.8661,-871.3541,-152.788,-549.9103,752575935
854511015324,85,515.2833,503.4704,514.8832,-461.4536,-902.6142,-209.9636,752575935
854511015325,85,515.3021,503.3784,514.8823,-149.309,-421.7077,-123.1655,752575935
854511015326,85,515.2889,503.3484,514.8611,-461.6358,-773.531,-108.2558,752575935
854511015327,85,515.1801,503.5097,514.9578,-392.3813,-395.7071,-410.0707,752575935
854511015328,85,515.6237,503.5899,515.4434,-794.4828,-324.6419,-215.2247,752575935
854511015329,85,515.2434,503.3593,514.9108,-458.1282,-385.8489,29.2158,752575935
854511015330,85,515.1306,503.4183,514.7899,-509.2487,-414.8864,-217.2987,752575935
854511015331,85,515.2332,503.4073,514.8803,-809.8242,-353.1242,47.518,752575935
854511015332,85,515.2236,503.4105,514.8776,-559.2368,-431.7419,-208.119,752575935
854511015333,85,515.2727,503.4143,514.965,-639.8633,-216.9129,-613.9334,752575935
854511015334,85,514.9972,503.1986,514.7834,-426.3594,-116.3235,-342.1922,752575935
854511015335,85,515.4505,503.5473,514.4639,-301.3171,-342.9618,-346.5439,752575932
854511015337,85,515.6075,503.3885,515.0057,-824.4241,55.3511,-197.3964,752575935
854511015338,85,515.2211,503.4449,514.8766,-141.7253,302.8754,-574.2679,752575935
854511015339,85,515.0432,503.1895,515.0945,-703.1409,-382.3729,-356.3624,752575935
854511015340,85,515.2174,503.3928,514.8839,-723.2803,-243.1423,-167.3302,752575935
854511015341,85,515.2739,503.408,514.8705,-976.4238,47.4967,-157.7126,752575935
854511015342,85,515.2731,503.3814,514.5545,-349.4926,-393.3613,-723.4083,752575932
854511015343,85,515.3957,503.4318,515.079,-912.4336,52.4165,-576.963,752575935
854511015346,85,515.34,503.7943,514.8636,-460.5425,26.3863,-363.0835,752575935
854511015347,85,515.1354,503.1713,514.6633,-329.7859,-313.8753,-196.9009,752575935
854511015348,85,515.4744,503.3433,514.4731,-420.2757,-432.7379,-225.1092,752575932
854511015349,85,515.3069,503.5122,514.8795,-330.0856,384.3066,-387.7993,752575935
854511015350,85,515.3217,503.6675,514.7435,-502.3188,-289.6316,-421.8353,752575935
854511015351,85,515.3386,503.5826,514.9323,-336.7052,37.8532,-284.5174,752575935
854511015352,85,515.3738,503.3383,514.6974,-462.623,-162.3371,-498.0664,752575935
854511015354,85,515.1115,503.5065,514.8584,-1107.4554,-837.8509,-408.8777,752575935
854511015356,85,515.1482,503.53,514.969,-585.046,-666.9441,-106.0639,752575935
854511015357,85,515.261,503.2892,514.9184,-341.9324,-270.3102,133.4464,752575935
854511015358,85,515.3426,503.4121,514.9646,-519.9573,289.7627,-499.7179,752575935
854511015359,85,515.2473,503.4826,514.7579,-617.5425,-818.0283,-289.3349,752575935
854511015360,85,515.5487,503.3492,515.0407,-466.8136,-100.7128,-433.3578,752575935
854511015364,85,515.6024,503.2802,514.8032,-916.7742,149.7386,-166.0753,752575935
854511015368,85,515.0258,503.444,514.9073,-802.542,185.7822,197.0809,752575935
854511031673,85,515.6313,503.3237,514.9197,-481.0256,138.9325,83.6651,752572992
854511031674,85,515.5762,503.5269,515.0841,-694.9163,105.1212,57.9349,752575935
854511031675,85,515.5157,503.2769,514.8062,-394.0976,145.9556,150.8117,752575935
854511031681,85,515.79,503.6531,515.4514,-749.9648,-118.2951,-297.1044,752572992
854511031682,85,515.7141,503.7091,515.4283,-735.9523,-221.9348,-73.6096,752572992
854511031683,85,515.8504,503.7767,515.4972,-719.1785,-269.6223,-227.3151,752572992
854511031684,85,515.7336,503.6857,515.509,-775.18,1.6406,-92.7628,752572992
854511031689,85,515.7292,503.6994,515.4944,-584.9177,-277.5764,-331.0699,752572992
854511031690,85,515.7442,503.7106,515.4997,-795.6691,-250.8796,-169.6298,752572992
854511031691,85,515.7518,503.6967,515.501,-809.9973,-240.7397,-107.279,752572992
854511031692,85,515.7337,503.6713,515.4762,-605.4839,-345.193,-357.5726,752572992
854511031697,85,515.7233,503.6986,515.5154,-801.4515,-483.1467,-121.7643,752572992
854511031698,85,515.7186,503.7128,515.4893,-716.2791,-175.044,-141.1018,752572992
854511031699,85,515.7568,503.7079,515.5011,-814.7802,-206.6831,-140.5913,752572992
854511031700,85,515.0823,503.6846,515.1299,-717.0447,-577.9019,-599.2437,752575935
854511031705,85,515.7255,503.6822,515.5013,-780.6403,-329.328,-123.2367,752572992
854511031706,85,515.7377,503.7021,515.5014,-928.4682,-259.4011,-229.3912,752572992
854511031707,85,515.7261,503.7075,515.488,-848.301,-290.7991,-126.3746,752572992
854511031711,85,515.2899,503.0575,514.8976,-334.6369,-503.4546,247.2353,752575935
854511031714,85,515.7336,503.7671,515.6295,-775.184,-326.0009,-63.4939,752559551
854511031719,85,515.2029,503.1629,514.8449,-568.8698,-655.3038,334.1996,752575935
854511031721,85,515.7764,503.7061,515.4578,-791.5352,-196.3999,-171.0957,752572992
854511031722,85,515.7036,503.6195,515.5239,-659.3374,-234.3019,-309.3041,752572992
854511031726,85,515.2143,503.1825,514.7891,-922.3362,-653.608,190.6859,752575935
854511031729,85,515.2192,503.135,514.8563,-495.4554,-316.8737,-193.6247,752575935
854511031730,85,514.8232,503.6366,514.8963,-86.6847,-337.0108,-168.651,752575935
854511031737,85,514.9677,503.7244,515.1148,-132.3443,-500.2977,-384.3456,752575935
854512047479,85,515.416,503.8022,514.809,-223.7844,-395.9957,185.377,752575935
854512047488,85,515.3494,503.4508,514.5966,-567.4158,-494.5003,-263.4777,752575932
854512047495,85,515.2313,503.4497,515.1157,-830.8109,-156.1715,-431.8718,752575935
854512047496,85,515.2877,503.3941,514.876,-1294.6196,-93.699,-334.5109,752575935
854512047503,85,515.327,503.4487,514.8828,-456.0111,132.7319,-558.5897,752575935
854512047504,85,515.3662,503.4852,514.5979,-477.9997,-500.612,-304.0747,752575932
854512047511,85,515.0013,503.3003,515.0132,-41.7345,-102.4401,-316.0799,752575935
854512047512,85,515.1902,503.4158,514.9942,-836.6022,-193.2957,-338.5515,752575935
854512047518,85,515.4638,503.8272,514.7531,-1013.3133,-263.3679,-122.2353,752575935
854512047519,85,515.5332,503.5981,514.9033,-904.4891,-132.487,-62.7705,752575935
854512047520,85,515.1573,503.4224,514.7913,88.8663,-286.9281,119.4451,752575935
854512047527,85,515.7977,503.6974,514.9404,-1004.4221,-301.5321,-232.0907,752572992
854512047528,85,515.171,503.5077,514.9946,-843.5873,-795.4838,-423.0114,752575935
854512047536,85,515.3884,503.5983,514.9854,-1218.293,-478.6519,-339.9025,752575935
854512063857,85,515.2539,503.6307,514.6342,-329.0526,83.5686,-556.1724,752575932
854512063858,85,515.3153,503.4691,515.0677,-514.9255,76.3763,-441.3604,752575935
854512063859,85,515.4943,503.3828,515.024,-356.5127,-205.0466,-451.1025,752575935
854512063865,85,515.3193,503.414,514.9166,-1036.6263,-118.2358,-509.3845,752575935
854512063866,85,515.2697,503.4091,514.987,0.8382,-274.971,-112.7076,752575935
854512063867,85,515.2114,503.4218,514.8712,-296.1743,-52.5894,-301.869,752575935
854512063868,85,515.2662,503.4363,514.835,-691.137,118.3498,103.2668,752575935
854512063869,85,515.2939,503.528,515.0464,-564.5336,-34.572,-339.2476,752575935
854512063870,85,515.3303,503.3449,515.0776,-723.0481,-325.5013,-182.7174,752575935
854512063871,85,515.074,503.3257,514.8461,-121.2023,-666.8,-762.4256,752575935
854512063873,85,515.2659,503.4417,514.9194,-1172.5823,-584.9915,-387.1356,752575935
854512063874,85,515.2809,503.4163,514.9165,-508.5722,-503.1405,-234.5212,752575935
854512063875,85,515.1558,503.2974,514.7546,-132.3146,-9.4087,-137.9671,752575935
854512063876,85,515.1221,503.4459,514.911,-304.5958,-182.1686,-99.3026,752575935
854512063877,85,515.4624,503.5669,514.9934,-944.7021,-230.7502,-113.8659,752575935
854512063878,85,515.1352,503.4475,514.8314,14.2784,-216.7645,-259.2951,752575935
854512063879,85,514.9979,503.1456,514.9075,-475.5518,-431.4881,-524.7057,752575935
854512063880,85,515.7191,503.6856,515.4596,-791.0865,-195.2587,-208.4256,752572992
854512063881,85,515.1781,503.4084,514.8625,-691.5948,-301.9638,-562.0147,752575935
854512063882,85,515.2771,503.4232,514.9009,-544.6056,-227.292,-215.9753,752575935
854512063883,85,515.2584,503.4247,514.8875,-335.8646,-289.1572,-186.5997,752575935
854512063884,85,515.3394,503.2888,514.9033,-474.8241,-362.1388,-407.26,752575935
854512063885,85,515.1454,503.267,514.86,-371.1617,-96.4718,-511.1497,752575935
854512063886,85,515.4441,503.3758,515.0616,-458.4904,-309.9491,-288.6425,752575935
854512063887,85,514.8662,503.522,514.9982,-580.0341,-572.5235,-665.0886,752575935
854512063888,85,515.7469,503.6867,515.4982,-624.9808,-154.0366,-297.024,752572992
854512063889,85,515.2534,503.4619,514.8662,-569.2047,-868.175,-469.8243,752575935
854512063890,85,515.1851,503.3832,514.9236,-394.7578,-459.9761,-142.2533,752575935
854512063891,85,515.2497,503.4375,514.8947,119.0522,-752.7252,-97.7002,752575935
854512063892,85,515.2687,503.4171,514.884,-334.404,-127.6731,-148.3804,752575935
854512063893,85,515.2078,503.5123,514.8098,-166.8208,198.3677,-178.5253,752575935
854512063894,85,515.2693,503.5328,514.8322,-162.3179,-174.5841,-430.5346,752575935
854512063895,85,515.1278,503.585,515.2386,-779.0018,-383.3445,-607.6765,752575935
854512063896,85,515.7404,503.664,515.5355,-774.5421,-261.4014,-205.7661,752572992
854512063897,85,515.23,503.4005,514.8519,-618.2182,-198.4938,-630.5358,752575935
854512063898,85,515.2276,503.4654,514.8295,-571.8621,-65.9483,-23.1359,752575935
854512063899,85,515.351,503.4935,515.0591,-500.3991,-503.7212,-290.0418,752575935
854512063900,85,515.2036,503.2384,514.9869,-548.281,6.9356,-543.0766,752575935
854512063901,85,515.4732,503.4664,514.9702,-303.6573,-467.06,-101.4406,752575935
854512063902,85,514.7986,503.3532,514.9748,-713.5112,-328.8129,-399.8977,752575935
854512063903,85,515.0297,503.6162,515.2795,-693.3041,-385.0459,-620.9768,752575935
854512063904,85,515.0723,503.5126,515.0821,-655.881,-586.6179,-697.1025,752575935
854512063905,85,515.3851,503.6458,514.796,-362.5972,-597.9125,95.6085,752575935
854512063906,85,515.3724,503.4829,514.8026,-797.3588,-548.8876,262.5162,752575935
854512063907,85,515.2178,503.412,514.8615,-632.033,212.7244,-363.7935,752575935
854512063908,85,515.3157,503.3926,514.9012,-563.9991,-400.92,-14.2146,752575935
854512063909,85,515.2622,503.5585,514.8382,-401.9021,-742.4583,-40.743,752575935
854512063910,85,515.1825,503.4974,514.8638,-248.596,-92.2963,284.0391,752575935
854512063911,85,515.464,503.7271,514.6662,-260.8966,-390.7947,-230.624,752575935
854512063912,85,515.3834,503.4167,514.8174,-192.5669,159.4866,53.6442,752575935
854512063914,85,515.2793,503.5256,514.9473,-287.0745,169.2416,103.7773,752575935
854512063915,85,515.1284,503.4388,514.9157,-366.9745,-430.5403,-580.4324,752575935
854512063916,85,515.0648,503.3978,514.7261,-389.5016,-105.0122,-447.071,752575935
854512063917,85,514.9752,503.5708,514.5787,-364.4026,-496.8664,-240.811,752575932
854512063919,85,515.0566,503.2022,514.8075,-140.3759,-213.012,-186.7758,752575935
854512063920,85,514.9557,503.6061,514.9453,-332.3941,-336.8387,-229.93,752575935
854512063921,85,514.9006,503.0473,514.7816,-641.057,-568.0669,-286.1921,752575935
854512063922,85,514.9227,502.9992,514.9854,-171.396,-204.0179,-458.4134,752575935
854512063923,85,515.2971,503.1902,514.8839,-208.4704,-477.0963,-562.206,752575935
854512063924,85,515.3141,503.4641,514.9935,-421.0967,-109.4405,-634.2953,752575935
854512063925,85,515.2564,503.2971,514.9843,-393.7168,-9.3399,-57.2174,752575935
854512063926,85,515.1962,503.3305,514.8806,-591.0432,-511.7963,237.7558,752575935
854512063927,85,515.2417,503.5502,514.7843,-774.7756,-718.5403,-259.5056,752575935
854512063928,85,515.3211,503.1437,514.9385,-418.1987,-279.9803,-192.4803,752575935
854512063931,85,515.3274,503.6432,514.9398,-1201.4674,-216.0955,-97.5101,752575935
854512063932,85,515.2525,503.7011,514.7141,-729.3342,29.587,-155.1628,752575935
854512063933,85,515.0948,503.7343,514.8506,-665.5925,-450.8053,-84.762,752575935
854512063934,85,515.2947,503.2452,515.0037,-248.4383,-225.1218,-904.0528,752575935
854512063941,85,515.1797,503.4796,514.7845,-1005.8057,101.383,344.7262,752575935
854512063942,85,515.0921,503.4674,514.8013,-885.0057,107.3438,333.1144,752575935
854512080257,85,515.3596,503.4329,515.1941,-963.3853,-339.8389,-518.1576,752575935
854512080258,85,515.7663,503.6765,515.5469,-730.5613,-333.687,-206.1195,752572992
854512080259,85,515.7058,503.5975,515.5271,-715.9936,-244.9477,-280.2112,752572992
854512080260,85,515.7503,503.6739,515.5165,-597.8407,-343.1394,-114.321,752572992
854512080265,85,515.7662,503.7153,515.4911,-674.5161,-226.0874,-243.3382,752572992
854512080266,85,515.7573,503.7017,515.5089,-766.0942,-344.1997,-199.5527,752572992
854512080267,85,515.7151,503.7096,515.4977,-662.5353,-213.5286,-196.1967,752572992
854512080268,85,515.484,503.537,515.3789,-790.4805,-434.6556,-429.1943,752575935
854512080273,85,515.7373,503.6727,515.5136,-664.313,-417.739,-436.6385,752572992
854512080274,85,515.7798,503.6998,515.4617,-600.3392,-241.946,-305.1408,752572992
854512080275,85,515.6496,503.7172,515.5439,-875.631,-289.1446,-197.1363,752572992
854512080281,85,515.752,503.6876,515.4313,-726.5463,-125.3248,-291.7252,752572992
854512080282,85,515.7636,503.6283,515.4534,-644.89,-171.8594,-188.6625,752572992
854512080283,85,515.756,503.6814,515.5137,-715.7465,-372.5823,-334.9779,752572992
854512080287,85,515.492,502.9232,515.2455,-357.9377,-259.0338,107.3897,752575928
854512080290,85,515.72,503.7407,515.5266,-694.4145,-405.6969,-57.9376,752572992
854512080297,85,515.7374,503.7365,515.5842,-618.4,-409.526,-123.3503,752572992
854512080299,85,514.972,503.7187,515.2084,-810.663,-428.1224,-401.9482,752575935
854512080302,85,515.1187,503.0803,514.8179,-949.114,-458.2792,96.5494,752575935
854512080305,85,515.5537,503.2328,514.8851,-556.864,-676.2424,-360.9765,752575935
854512080313,85,514.8301,503.2291,514.7751,-784.3829,31.8778,57.2241,752575935
854513096064,85,515.5405,503.5241,514.8075,-235.8168,-654.5087,-38.7445,752575935
854513096072,85,515.1918,503.3951,514.8815,-279.6309,404.4435,191.7269,752575935
854513096079,85,515.4922,503.4327,515.4362,-591.0314,-560.7767,-541.8064,752575935
854513096080,85,515.2458,503.5117,514.9414,-1073.2465,85.4871,-44.7622,752575935
854513096087,85,515.2632,503.3019,515.0682,-473.8386,-609.1519,-897.2924,752575935
854513096096,85,514.9995,503.2303,515.0142,-259.6991,-226.4724,-257.8909,752575935
854513112433,85,515.0629,502.9406,515.2125,-569.5776,-72.2755,-561.1171,752575935
854513112434,85,514.918,503.2307,514.9486,-306.8877,-31.767,-731.8604,752575935
854513112435,85,514.8309,503.1768,515.1047,-408.2891,-194.2845,-696.222,752575935
854513112436,85,515.3742,503.406,515.0493,-49.8577,-379.761,275.6913,752575935
854513112441,85,515.3564,503.4194,514.962,-745.7799,-473.2616,-440.4606,752575935
854513112442,85,515.3396,503.4659,514.9175,-281.4451,-356.5106,426.2776,752575935
854513112443,85,515.0741,503.1307,515.0568,-740.7943,-565.9524,-281.6505,752575935
854513112444,85,515.4462,503.5254,515.0115,-816.8338,-55.5551,34.4342,752575935
854513112445,85,515.2521,503.3786,514.7659,-250.9803,-300.2732,-340.9317,752575935
854513112446,85,515.2976,503.3668,515.0306,-815.4373,-246.8892,-401.0043,752575935
854513112447,85,515.3761,503.2565,514.9456,-665.7634,-534.9777,-283.9904,752575935
854513112448,85,515.752,503.7033,515.5539,-721.7176,-420.8046,-323.4862,752572992
854513112449,85,514.9264,503.4271,514.7561,-303.3286,-337.3528,-501.3027,752575935
854513112450,85,515.2433,503.3967,514.8665,-701.8558,193.4961,-976.4434,752575935
854513112451,85,515.4874,503.4741,514.8367,-102.1987,-401.7216,-86.2597,752575935
854513112452,85,515.541,503.701,514.7681,-311.4605,-334.9679,40.9785,752575935
854513112453,85,515.2296,503.4069,514.7654,-316.3993,-256.0303,-265.8728,752575935
854513112454,85,515.2204,502.9919,514.9558,-589.9152,-383.0275,-323.9507,752575935
854513112455,85,514.9629,503.2536,514.7684,-113.8382,-615.7623,-570.7097,752575935
854513112456,85,515.7474,503.7178,515.5212,-865.6581,-214.2969,-0.2136,752572992
854513112457,85,515.2317,503.423,514.8355,53.0374,24.3586,83.712,752575935
854513112458,85,515.1969,503.4285,514.843,-339.9709,-405.8546,11.7306,752575935
854513112459,85,515.2114,503.4636,514.7749,-364.8348,-299.5838,-488.0927,752575935
854513112460,85,515.215,503.4031,514.8829,-782.034,-213.4517,-278.7367,752575935
854513112461,85,515.144,503.3956,514.7229,-318.6424,-244.4209,-188.2402,752575935
854513112462,85,515.4084,503.2836,514.9318,-620.6837,-602.1952,-157.6506,752575935
854513112463,85,514.9828,503.6996,515.294,-684.3,-470.0037,-571.217,752575935
854513112464,85,515.7655,503.718,515.4753,-906.7759,-345.373,-289.4696,752572992
854513112465,85,515.4355,503.5412,514.9171,-135.1286,-504.891,-171.6038,752575935
854513112466,85,515.2491,503.3325,514.9189,-992.1709,-267.8948,-552.8591,752575935
854513112467,85,515.2029,503.4398,514.7061,-303.5132,-176.873,-53.5242,752575935
854513112468,85,515.1881,503.4855,514.9568,-312.4317,-650.0565,-501.6385,752575935
854513112469,85,514.9998,503.2224,515.0618,-635.8312,-312.0161,-308.4797,752575935
854513112470,85,515.1924,503.5512,514.9148,-264.2217,-526.9697,-291.3903,752575935
854513112471,85,514.9949,503.6429,515.1493,-663.8057,-522.3061,-637.9849,752575935
854513112474,85,515.2385,503.3305,514.9835,-770.949,-379.5811,-24.5058,752575935
854513112475,85,515.0092,503.4446,514.8353,-461.9004,-317.2481,-431.2026,752575935
854513112476,85,515.2313,503.4406,514.8342,-420.2036,398.117,-259.3633,752575935
854513112477,85,515.5417,503.6016,515.0181,-503.1984,-533.0733,28.5918,752575935
854513112478,85,515.3254,503.4034,514.9854,-916.9119,-960.5575,-268.2426,752575935
854513112479,85,514.9399,503.5477,515.0184,-600.5353,-594.2847,-692.083,752575935
854513112480,85,515.7306,503.6985,515.5067,-599.5892,-346.5746,-35.0743,752572992
854513112481,85,515.0464,503.5265,514.9157,-538.7462,-176.4944,-199.9106,752575935
854513112482,85,515.2699,503.3637,514.7866,-425.5793,-578.4462,379.8474,752575935
854513112483,85,515.3576,503.446,514.838,-481.6083,61.7543,-75.0298,752575935
854513112484,85,515.4,503.3982,515.0842,-584.4523,-761.3234,-336.7516,752575935
854513112485,85,515.2522,503.4974,514.9453,-871.9657,195.6211,186.8594,752575935
854513112486,85,514.745,503.4023,514.689,-419.2598,-374.0515,-175.9161,752575935
854513112490,85,515.3878,503.2455,514.8912,-360.6955,101.9158,-258.0877,752575935
854513112491,85,515.2933,503.5317,514.8376,-862.0225,136.2178,-53.0144,752575935
854513112492,85,515.0536,503.1412,514.7686,-241.4639,-290.5415,-308.8653,752575935
854513112493,85,515.3019,503.6003,515.04,-470.8101,-29.8151,-189.9782,752575935
854513112494,85,515.1334,503.1558,514.9543,-130.8058,-248.5631,-134.4407,752575935
854513112495,85,515.306,503.3155,514.9732,-70.6463,82.3496,-298.0279,752575935
854513112496,85,515.027,503.63,515.1135,-493.2688,-324.8323,-133.6041,752575935
854513112500,85,515.0069,503.5508,514.8973,-506.7667,-731.4435,-168.9169,752575935
854513112501,85,515.1587,503.2097,514.9535,-133.1994,-614.3839,-195.2866,752575935
854513112502,85,515.0284,503.4141,514.9191,-434.683,-820.4454,-77.4678,752575935
854513112503,85,515.1844,503.2278,515.0276,-178.4356,-52.3951,-104.0955,752575935
854513112504,85,515.3887,503.3853,514.5477,-780.5007,-235.1804,-444.3588,752575932
854513112511,85,514.8837,503.6275,515.2049,-451.1892,-230.8239,165.7256,752575935
854513128827,85,515.7946,503.6377,515.6255,-805.5519,-126.0101,-73.613,752559551
854513128833,85,515.7866,503.7568,515.5207,-827.6072,-378.673,-121.832,752572992
854513128834,85,515.83,503.6259,515.4825,-643.6492,-238.9183,-239.8437,752572992
854513128835,85,515.7703,503.706,515.5115,-624.4022,-187.9239,-406.7386,752572992
854513128836,85,515.7905,503.6413,515.6104,-793.897,-69.1713,-76.9746,752572992
854513128841,85,515.7214,503.6833,515.5156,-777.8989,-243.6847,-113.1002,752572992
854513128842,85,515.7706,503.6973,515.5088,-763.4389,-196.4167,-427.246,752572992
854513128843,85,515.8223,503.701,515.5743,-672.4282,-233.9457,-253.5552,752572992
854513128849,85,515.7368,503.6932,515.5229,-981.5226,-291.0417,-313.1773,752572992
854513128850,85,515.749,503.7183,515.4814,-763.2586,-280.1818,-145.7304,752572992
854513128851,85,515.8359,503.6455,515.489,-600.2528,-192.0312,-197.9932,752572992
854513128857,85,515.7335,503.7034,515.4969,-694.792,-274.3471,-262.0924,752572992
854513128875,85,515.0643,503.3488,514.6941,-560.5734,-824.8998,-340.5052,752575935
854514144648,85,515.5483,503.4094,515.3967,-658.4498,-583.5196,-535.5016,752575935
854514144656,85,515.4496,503.1599,514.9789,-675.1077,-366.5302,-128.9767,752575935
854514161017,85,515.1951,503.2,514.5554,-497.3899,-309.0955,-17.4468,752575932
854514161018,85,515.3426,503.2825,515.0385,-649.2717,-497.1909,-442.0848,752575935
854514161019,85,515.5068,503.4782,514.8806,-551.8715,-167.4072,-15.0289,752575935
854514161020,85,515.0465,503.4732,514.9023,-922.0298,-426.8223,-363.0348,752575935
854514161021,85,515.3246,503.3466,514.8809,-1043.2179,-1.1694,-435.8151,752575935
854514161023,85,515.5551,503.4227,514.6327,-306.2254,-50.3235,-53.7939,752575932
854514161024,85,515.6511,503.7043,515.4163,-648.8483,-218.0149,-275.4088,752572992
854514161025,85,515.1962,503.5161,514.7689,-331.0959,63.0054,78.6334,752575935
854514161026,85,515.0425,503.3999,514.8387,-695.1363,-282.3432,-628.765,752575935
854514161027,85,515.2376,503.5093,514.8,-180.0867,-456.0531,181.7189,752575935
854514161028,85,515.1339,503.3226,514.812,-470.0016,-145.5423,-277.2619,752575935
854514161029,85,515.1969,503.3997,514.8956,-503.4727,-284.3775,-969.5288,752575935
854514161030,85,514.8905,503.4317,514.9685,-459.1347,-667.7337,-661.3796,752575935
854514161031,85,515.0119,503.2426,514.7577,-119.4042,-581.5673,-622.9466,752575935
854514161032,85,515.7603,503.7071,515.5106,-787.0273,-188.5785,-25.223,752572992
854514161033,85,515.192,503.488,515.0793,-799.0806,-575.3965,29.9365,752575935
854514161034,85,515.1511,503.4608,515.0089,-779.8856,-134.3129,-240.2136,752575935
854514161035,85,515.1279,503.3436,515.0163,-863.1245,-615.9429,-325.2963,752575935
854514161036,85,515.3479,503.7669,514.688,-401.7559,-498.3516,-127.1632,752575935
854514161037,85,515.2274,503.3622,514.778,-569.3347,151.9961,-257.6756,752575935
854514161038,85,515.0547,503.6861,515.2993,-709.4791,-493.6584,-572.15,752575935
854514161039,85,515.0103,503.6235,515.1414,-588.9105,-589.0884,-650.8227,752575935
854514161040,85,515.7496,503.6843,515.5385,-664.2366,-344.3261,-379.4506,752572992
854514161042,85,515.2103,503.4125,514.8939,-424.4984,-430.4748,146.4559,752575935
854514161043,85,515.2225,503.2959,514.8526,-556.2781,-29.6447,-577.4038,752575935
854514161044,85,515.1918,503.525,514.7245,-549.6893,-78.6376,143.7676,752575935
854514161045,85,515.4749,503.4456,514.976,-348.5328,-307.3673,-71.3228,752575935
854514161046,85,514.79,503.3848,515.0463,-340.4678,-461.509,-705.4406,752575935
854514161047,85,514.9551,503.4845,514.9774,-460.8389,-680.4956,-705.6837,752575935
854514161049,85,515.2778,503.5829,514.8812,-707.4377,76.3027,-66.8618,752575935
854514161050,85,515.5392,503.529,515.2214,-919.2684,-178.8215,-216.047,752575935
854514161051,85,515.1309,503.3957,514.7785,-421.356,-149.8566,122.4468,752575935
854514161052,85,515.2965,503.4482,514.8909,-859.187,186.5891,55.5632,752575935
854514161053,85,515.4318,503.5449,515.0513,-602.9153,-414.0109,-264.3248,752575935
854514161054,85,515.2395,503.355,514.5867,-41.1603,-79.4625,-152.856,752575932
854514161055,85,514.9974,503.5032,515.1417,-730.2749,-398.1023,-679.1704,752575935
854514161056,85,515.7359,503.7137,515.4998,-566.619,-27.1176,-123.0383,752572992
854514161057,85,515.3607,503.1928,514.915,-532.4877,-240.7127,-569.0698,752575935
854514161058,85,515.1849,503.4968,515.1617,-467.9507,-238.5705,-416.8544,752575935
854514161059,85,515.3019,503.3574,514.9037,-1145.2548,-171.1283,71.2397,752575935
854514161061,85,514.8256,503.2691,514.9705,-259.3524,-59.716,-513.3091,752575935
854514161062,85,514.8588,503.0062,514.744,-643.6615,-256.4916,-436.3756,752575935
854514161064,85,515.9557,503.3325,514.9727,-694.5825,-166.9493,98.8296,752572992
854514161068,85,515.1564,503.0968,514.8917,-363.6368,-597.8314,-310.1364,752575935
854514161069,85,515.1467,503.0937,515.0687,-396.9651,-311.2607,-157.0877,752575935
854514161070,85,515.4069,503.271,514.8253,-156.3673,28.3204,-668.6775,752575935
854514161071,85,515.5448,503.4224,514.6441,-441.0832,21.1819,-487.4552,752575932
854514177401,85,515.7094,503.7255,515.4916,-590.1231,-40.9898,-292.3573,752572992
854514177409,85,515.7509,503.6702,515.4879,-742.1118,-246.7391,-111.5546,752572992
854514177411,85,515.8027,503.6337,515.5089,-898.4163,-222.519,-75.8108,752572992
854514177417,85,515.7241,503.7004,515.5055,-755.2001,-315.3542,-101.688,752572992
854514177418,85,515.7957,503.6848,515.4893,-577.1488,-348.7914,-121.4016,752572992
854514177419,85,515.7493,503.7312,515.5168,-608.0886,-379.6692,-279.5883,752572992
854514177420,85,515.7775,503.712,515.5021,-989.9982,-52.5517,-163.4182,752572992
854514177421,85,515.5704,503.7614,515.5714,-636.444,-325.0721,-176.5464,752575935
854514177426,85,515.8825,503.6759,515.4515,-722.1271,-127.6587,-208.1225,752572992
854514177427,85,515.7169,503.7639,515.4986,-582.6504,-283.6463,-274.2708,752572992
854514177434,85,515.7121,503.7065,515.488,-478.7509,-99.5715,-191.948,752572992
854514177441,85,515.6845,503.5914,515.4393,-899.817,-251.4424,-203.2935,752572992
854515209594,85,515.4404,503.545,514.752,-180.8731,-565.571,137.6966,752575935
854515209595,85,515.1611,503.501,514.8459,-649.1832,4.5524,-406.1633,752575935
854515209596,85,515.1634,503.522,514.8751,-306.9858,-249.8912,-176.0579,752575935
854515209597,85,514.9345,503.203,514.8585,-369.8045,-447.6519,-477.1371,752575935
854515209598,85,515.3383,503.5715,514.9905,-960.6324,24.1386,-139.2206,752575935
854515209599,85,515.0345,503.2692,514.8046,-325.1281,-624.6093,-506.2394,752575935
854515209600,85,515.0213,503.4353,514.909,-539.5636,-805.4194,-649.0957,752575935
854515209601,85,515.1888,503.2721,515.192,-484.8956,-620.4924,-724.2299,752575935
854515209602,85,515.4407,503.4322,514.8245,-157.1873,-645.639,144.6685,752575935
854515209603,85,515.2956,503.2961,515.1581,-798.6431,-420.969,11.2854,752575935
854515209604,85,515.3058,503.4749,514.8678,-186.8016,-867.9128,-142.3708,752575935
854515209605,85,515.2773,503.3757,514.7698,-456.3588,-6.0738,-514.4164,752575935
854515209606,85,514.9326,503.4956,515.0496,-525.1592,-689.65,-651.2913,752575935
854515209607,85,514.99,503.2542,514.7675,-155.2987,-608.0526,-667.0059,752575935
854515209608,85,515.1481,503.4294,514.9182,-667.8603,-810.5817,-808.1252,752575935
854515209609,85,515.1622,503.1666,515.0278,-327.3313,-511.1064,-801.1695,752575935
854515209610,85,515.516,503.2955,514.9487,-424.8782,-638.1849,-16.3743,752575935
854515209611,85,515.4689,503.3697,514.8683,-869.9703,-141.673,62.8552,752575935
854515209613,85,515.2197,503.366,514.7618,-568.4439,5.4186,-469.1981,752575935
854515209614,85,515.0306,503.6681,515.2335,-658.1371,-553.1524,-606.7277,752575935
854515209615,85,514.9816,503.4626,514.9383,-422.963,-660.1448,-774.2734,752575935
854515209619,85,515.2529,503.3312,514.8613,-385.16,-69.7141,439.4278,752575935
854515209621,85,515.1553,503.2768,514.6465,1.9337,-45.7174,-313.5453,752575932
854515209622,85,515.1367,503.2391,514.5765,-66.2346,-134.0481,-303.1879,752575932
854515209623,85,514.787,503.3718,514.9184,-398.8946,-510.0091,-667.9915,752575935
854515209626,85,515.2863,503.1564,514.6644,-324.617,-50.5185,-656.7078,752575935
854515209627,85,515.3247,503.3187,514.8712,-1024.0085,-131.0883,-112.9734,752575935
854515209632,85,515.5275,503.6475,515.558,-786.5329,-124.0523,-121.5571,752575935
854515209635,85,515.4612,503.3903,514.7062,-443.2446,205.7349,-372.6748,752575935
854515209636,85,515.143,503.463,514.8623,-715.9798,-985.218,-77.495,752575935
854515209637,85,515.0261,503.1922,515.0784,-508.4077,-496.4966,-114.112,752575935
854515209638,85,515.0953,503.1656,515.0524,-342.0988,-250.1117,-230.9778,752575935
854515209639,85,514.7767,503.2133,514.7874,-618.0163,-352.4343,-560.1458,752575935
854515225985,85,515.7667,503.7039,515.5173,-865.5631,-502.557,-181.5348,752572992
854515225986,85,515.0297,503.2304,514.7003,-248.6918,-336.2356,-630.5695,752575935
854515225994,85,515.8602,503.6876,515.4005,-732.1763,-159.7367,-197.9307,752572992
854515225995,85,515.7471,503.6886,515.4641,-800.2589,-490.2271,-136.6954,752572992
854515226006,85,515.2977,502.8161,514.929,-508.2532,-460.5819,122.4018,752575928
854516258174,85,515.5389,503.4469,515.4768,-765.5228,-189.7162,-517.3373,752575935
854516258177,85,515.4995,503.435,514.3882,-592.9673,205.9365,-215.4214,752575932
854516258181,85,515.4579,503.4214,515.3746,-949.1202,-267.1043,-389.9428,752575935
854516258182,85,515.1482,503.6519,515.1945,-767.5063,-357.001,-608.987,752575935
854516258187,85,515.2695,503.3961,515.1685,-697.9565,-817.6837,-550.3355,752575935
854516258189,85,515.1476,503.4084,515.061,-797.6123,-179.7537,-785.9097,752575935
854516258190,85,514.7976,503.2565,514.7072,-297.4156,-408.3828,-547.4262,752575935
854516258191,85,515.0868,503.2934,514.758,-446.2382,-734.1,-579.0873,752575935
854516258192,85,514.9987,503.6551,515.2,-696.2304,-546.8907,-424.1975,752575935
854516258196,85,515.2737,503.3214,515.0747,-819.9028,-862.2737,-586.5557,752575935
854516258198,85,515.2195,503.6704,515.4219,-862.3817,-225.2616,-305.8435,752575935
854516258199,85,515.2314,503.6634,515.3591,-918.6769,-250.3246,-286.7122,752575935
854516258200,85,515.1903,503.5965,515.3321,-920.7643,-265.7487,-367.6986,752575935
854516258204,85,515.5789,503.6551,514.751,-852.431,-316.2283,-298.8463,752575935
854516258205,85,515.2532,503.2773,514.9888,-277.9864,42.284,-436.9453,752575935
854516258206,85,515.234,503.4866,514.86,-878.7386,483.843,-427.1191,752575935
854516258208,85,514.9698,503.2965,515.0444,-924.189,-509.1896,-469.4462,752575935
854516274561,85,514.9717,503.19,514.7575,-315.4406,-373.9182,-649.8362,752575935
854516274577,85,515.6429,503.6892,515.4675,-597.0269,-455.2146,-279.3655,752572992
854516274585,85,514.7808,503.2867,514.8707,-691.3986,-428.2526,-581.2681,752575935
854555055490,85,515.4902,503.3864,514.4287,-602.6964,227.6932,-365.8377,752575932
854555055495,85,516.0411,503.3976,514.8495,-369.7009,-241.5947,27.9489,752572992
854555055511,85,515.351,503.6153,515.0515,-344.4179,-172.8935,-8.4117,752575935
854556104061,85,514.8749,503.289,515.0355,-137.2752,-263.0005,-858.1202,752575935
854556104069,85,515.278,503.1169,515.1591,-385.0647,-117.0588,-936.3883,752575935
854556104072,85,514.7507,503.316,515.0164,-153.8499,-346.7621,-784.5244,752575935
854556104077,85,515.5183,503.0719,515.0495,-547.4769,-58.2954,-894.3514,752575935
854556104078,85,515.4542,503.122,515.0421,-530.1566,-89.8653,-969.4581,752575935
854556104079,85,515.2774,503.4134,514.6548,-603.2808,208.8448,-827.1617,752575935
854556104080,85,515.2891,503.4231,514.6728,-395.2353,159.831,-884.3141,752575935
854556120457,85,515.2703,503.3232,514.9786,-366.4178,-270.7402,-1200.627,752575935
854556120458,85,515.1864,503.6398,515.3267,-394.4834,-547.0252,-844.7024,752575935
#OK
