#OK
#SQL= select p.* from MDR1..FOFParticles f, MDR1..particles p where f.fofParticleId like '85000289552_%' and f.particleId = p.particleId order by f.fofParticleId asc
#MAXROWS UNLIMITED
#QUERYTIMEOUT 2400 sec
#DATE 2014-05-27 10:56:25.735 CEST
#QUERYTIME 121 millisec
#COLUMN 1 name=particleId JDBC_TYPE=-5 JDBC_TYPENAME=bigint
#COLUMN 2 name=snapnum JDBC_TYPE=5 JDBC_TYPENAME=smallint
#COLUMN 3 name=x JDBC_TYPE=7 JDBC_TYPENAME=real
#COLUMN 4 name=y JDBC_TYPE=7 JDBC_TYPENAME=real
#COLUMN 5 name=z JDBC_TYPE=7 JDBC_TYPENAME=real
#COLUMN 6 name=vx JDBC_TYPE=7 JDBC_TYPENAME=real
#COLUMN 7 name=vy JDBC_TYPE=7 JDBC_TYPENAME=real
#COLUMN 8 name=vz JDBC_TYPE=7 JDBC_TYPENAME=real
#COLUMN 9 name=phkey JDBC_TYPE=4 JDBC_TYPENAME=int
particleId,snapnum,x,y,z,vx,vy,vz,phkey
857371200434,85,371.8937,436.8583,865.4757,239.101,219.088,537.1837,997233127
857371200435,85,371.7753,436.8583,865.4683,275.7881,217.4951,474.2412,997233127
857371200443,85,372.2361,436.6151,865.7852,-221.2984,389.4033,523.264,997233124
857371200444,85,372.1321,436.644,865.6863,-75.7625,360.7563,641.4324,997233124
857371200454,85,372.1936,436.6446,865.5183,-144.1244,164.1934,533.1716,997233124
857371200455,85,371.7864,437.4618,865.4198,34.7634,109.6283,309.7155,997233127
857371200463,85,372.0338,436.8273,865.5548,-104.9184,11.6531,546.2534,997233127
857372232640,85,372.1487,436.9084,865.4968,83.957,490.4264,-54.8513,997233124
857372232647,85,371.793,436.8295,865.6853,184.3937,11.7064,-148.6303,997233127
857372232648,85,371.7493,436.9557,865.6589,135.69,96.1687,-99.09,997233127
857372249017,85,371.818,436.4972,865.6216,69.3423,728.5819,-190.1553,997233120
857372249018,85,371.6248,436.7009,865.5099,-130.5971,726.6427,-152.7767,997233127
857372249025,85,371.7517,436.9121,865.7192,-404.9963,617.4933,17.0041,997233127
857372249026,85,371.8882,437.0067,865.5629,93.7544,621.9279,222.7904,997233127
857372249027,85,371.7013,436.6586,865.4442,-86.9324,653.9343,-237.842,997233127
857372249029,85,371.7314,436.6645,865.9897,-369.4705,543.4603,-188.7992,997233127
857372249034,85,371.5985,436.7906,865.7916,160.8478,149.6269,-117.2693,997233127
857372249035,85,371.9373,436.6285,865.6211,360.6595,206.2555,53.1115,997233127
857372249039,85,371.8552,436.6776,866.0657,95.7706,-89.6218,8.9645,997233127
857372249056,85,371.8692,436.7044,865.8484,213.9436,-247.3107,98.1259,997233127
857373281205,85,372.1956,436.7792,865.7317,-121.6224,660.4277,488.7589,997233124
857373281207,85,371.6347,437.0233,865.5109,46.1759,696.8427,-43.6096,997233127
857373281208,85,371.9505,436.6858,865.6705,-382.7011,433.0479,286.2968,997233127
857373281214,85,371.8472,436.4006,865.5393,-80.3317,633.5352,-251.298,997233120
857373281215,85,371.9243,436.7344,865.6418,-158.0782,187.4374,125.5081,997233127
857373281216,85,371.9108,436.9053,865.6526,327.8022,265.2312,-106.7119,997233127
857373281221,85,371.8357,436.7067,865.532,-95.7833,823.7184,-129.5815,997233127
857373281222,85,371.6859,436.6895,865.7647,23.3304,203.4914,-132.8709,997233127
857373281224,85,371.9408,436.7797,865.6445,33.4264,323.9872,11.4192,997233127
857373281229,85,371.7249,436.6418,865.8115,260.711,540.6277,-180.0683,997233127
857373281230,85,371.7029,436.6231,865.7518,74.493,537.4375,-240.321,997233127
857373281232,85,371.6136,436.7974,865.9346,-23.3695,337.8388,-156.5311,997233127
857373281237,85,371.8747,436.6533,865.6691,-63.1502,829.6069,-123.8154,997233127
857373281239,85,371.7236,436.7663,865.6492,247.812,309.8851,-106.9226,997233127
857373281247,85,371.9018,436.5815,865.5596,122.4759,555.8391,-65.2084,997233127
857373297586,85,371.9851,436.6462,865.5483,-37.626,339.8728,-70.2875,997233127
857373297587,85,371.5013,436.8685,865.6907,-148.6722,691.6684,27.4957,997233127
857373297593,85,371.7997,437.0096,865.524,135.8991,556.7365,-158.8683,997233127
857373297594,85,372.0814,436.8326,865.4933,93.167,421.5105,-17.2094,997233124
857373297595,85,372.0309,436.6652,865.6528,-291.118,233.238,75.6917,997233127
857373297596,85,371.7319,437.0512,865.5125,102.0091,632.9524,48.5768,997233127
857373297597,85,371.7845,436.5733,865.7208,-292.0851,785.3973,-298.6828,997233127
857373297601,85,371.9827,436.7231,865.6666,52.471,431.4886,125.1026,997233127
857373297602,85,372.0915,436.715,865.5873,-199.446,302.8366,248.0809,997233124
857373297603,85,371.8887,436.7878,865.6139,117.6846,194.5094,-137.3844,997233127
857373297609,85,371.7626,436.7708,865.3992,88.5307,510.8811,-137.9828,997233127
857373297610,85,371.831,436.9239,865.6578,273.9887,335.3612,-147.417,997233127
857373297612,85,372.0136,437.0561,865.6487,84.202,418.705,125.6135,997233127
857373297617,85,371.9018,436.4806,865.5619,-1.0607,669.6636,-163.6509,997233120
857373297618,85,371.9932,436.6065,865.7086,140.2901,541.2592,31.0665,997233127
857373297620,85,371.8591,436.8065,865.7029,-652.6332,386.2276,339.4594,997233127
857373297621,85,371.7411,436.6056,866.0357,-125.8438,419.417,-338.4547,997233127
857373297626,85,371.8719,436.7471,865.5477,46.5082,753.1451,148.9498,997233127
857373297627,85,371.9162,436.9308,865.6185,78.3941,756.4526,299.7749,997233127
857373297628,85,372.1338,436.7632,865.7058,305.0807,543.9401,155.0489,997233124
857373297629,85,371.7729,436.633,865.7082,352.458,275.0311,75.2691,997233127
857373297636,85,372.1721,436.4727,865.8853,-350.209,640.4886,186.2679,997233123
857412078509,85,372.1941,436.5721,865.4688,83.19,646.8604,403.7119,997233124
857412078511,85,371.5444,436.7817,866.0524,-138.2919,213.9107,53.5907,997233127
857412078512,85,371.8595,436.6575,865.6406,150.7737,179.0171,-190.4164,997233127
857412078518,85,371.6732,436.924,865.4853,44.2494,698.7277,62.6633,997233127
857412078520,85,371.9718,436.9285,865.6188,180.3488,472.1725,-162.9561,997233127
857412078525,85,371.6628,436.5902,865.8719,-430.8222,457.2501,-276.6763,997233127
857412078526,85,371.7551,436.9727,865.6019,50.6555,481.5517,-86.9327,997233127
857412078527,85,371.9957,436.6384,865.6697,-354.3441,230.1371,46.3751,997233127
857412078528,85,372.0383,436.6893,865.7001,-349.8839,212.8484,129.8326,997233127
857412078533,85,371.6504,436.5558,865.8055,86.8895,507.0675,-374.2085,997233127
857412078534,85,371.5655,436.7389,865.6325,95.2521,480.3946,-110.4692,997233127
857412078535,85,371.933,436.6141,865.6789,-252.8409,349.2294,215.6271,997233127
857412078536,85,371.9181,436.9033,865.5441,-8.9412,329.8119,9.6008,997233127
857412078540,85,371.6285,436.63,865.6932,-35.7111,306.5199,-50.3147,997233127
857412078541,85,371.7008,436.5567,865.7102,219.9124,358.0025,-96.5293,997233127
857412078542,85,371.7058,436.6133,865.758,157.9843,450.6901,-145.9967,997233127
857412078543,85,371.5715,436.6061,865.8196,97.2945,288.9332,-264.9951,997233127
857412078544,85,371.7205,436.5316,865.7791,222.6794,416.7355,-154.1092,997233127
857412078549,85,371.7107,436.6467,865.7382,178.4005,402.934,-95.724,997233127
857412078550,85,371.8626,436.7044,865.6326,89.4062,661.7121,94.0035,997233127
857412078551,85,371.7057,436.6652,865.74,345.3486,363.2342,-194.6794,997233127
857412078552,85,371.7067,436.6424,865.7358,60.8772,181.5292,-228.8046,997233127
857412078556,85,371.9165,436.8282,865.6296,193.8259,526.5299,180.0692,997233127
857412078557,85,371.6849,436.6322,865.7429,109.211,415.6234,-227.0794,997233127
857412078558,85,371.6747,436.6889,865.7446,16.3836,244.1396,-255.4904,997233127
857412078559,85,371.7106,436.6513,865.7903,-14.2932,468.9181,-180.0449,997233127
857412078560,85,371.6528,436.6364,865.7433,142.3678,493.3562,32.7878,997233127
857412078565,85,372.0037,436.8538,865.5552,-40.622,518.8931,96.286,997233127
857412078566,85,371.7112,436.5442,865.7706,222.3023,426.9836,-252.647,997233127
857412078567,85,371.6793,436.625,865.7469,199.3015,612.9956,-3.9583,997233127
857412078568,85,371.9376,436.949,865.6123,359.0971,562.9234,-130.7448,997233127
857412078575,85,371.9289,436.5817,865.5577,151.3129,401.2152,-26.2479,997233127
857412078576,85,371.8293,436.8957,865.5615,108.7465,627.8245,-33.8331,997233127
857412094897,85,371.8938,436.949,865.6198,327.5913,461.5338,-200.2913,997233127
857412094898,85,371.8725,436.7837,865.6511,251.4514,313.8408,-128.8182,997233127
857412094905,85,371.9247,436.904,865.6349,156.6498,425.5705,-94.19,997233127
857412094906,85,371.9299,436.7325,865.6578,68.7948,236.465,87.301,997233127
857412094907,85,371.7256,436.4929,865.9785,118.1546,260.3343,-56.8501,997233120
857412094908,85,371.9749,436.8916,865.6483,90.4386,317.643,-233.5323,997233127
857412094909,85,372.1088,436.5877,865.904,-78.2262,222.35,-390.5508,997233124
857412094913,85,371.9767,436.9371,865.6329,143.9991,540.4705,-113.0799,997233127
857412094914,85,371.9424,436.8775,865.6213,157.9454,254.9591,-125.8024,997233127
857412094915,85,371.9836,436.7835,865.6494,1.2337,249.5726,-69.5669,997233127
857412094916,85,371.9415,437.0005,865.5332,208.7109,625.3624,58.9496,997233127
857412094917,85,371.6519,436.8173,865.488,-24.052,407.6979,112.0613,997233127
857412094921,85,371.9655,436.743,865.5638,4.9685,519.7888,92.0617,997233127
857412094922,85,371.9723,436.8071,865.6279,227.2942,351.1278,-179.861,997233127
857412094923,85,371.9524,436.9272,865.6357,189.7255,441.1466,-57.5209,997233127
857412094924,85,371.979,436.7057,865.5891,-257.2981,419.5614,230.304,997233127
857412094925,85,371.6827,436.6725,865.4597,-38.7838,408.9161,85.0411,997233127
857412094929,85,371.6615,436.696,865.7578,-29.4495,325.9471,-116.9841,997233127
857412094930,85,371.6836,436.6234,865.7454,119.3803,457.4992,-142.5257,997233127
857412094931,85,371.8625,436.9399,865.6747,36.7707,336.6321,46.4412,997233127
857412094933,85,371.7923,436.5355,865.5616,16.8723,441.3811,179.8378,997233127
857412094937,85,371.6583,436.6398,865.8431,95.2385,268.3221,-101.1375,997233127
857412094938,85,371.815,436.5597,865.6479,101.7042,533.3507,-59.5514,997233127
857412094939,85,371.6617,436.6283,865.792,-132.6584,558.3829,-507.6443,997233127
857412094940,85,371.751,436.8671,865.8774,178.254,537.7646,65.6767,997233127
857412094941,85,371.9676,436.844,865.6868,74.2121,103.7818,-55.0167,997233127
857412094945,85,371.8477,436.5721,865.5704,15.7562,477.3863,-144.3675,997233127
857412094947,85,371.6098,436.6678,865.7516,130.477,170.7838,-363.1526,997233127
857412094949,85,371.5722,436.7472,865.7009,-415.6001,129.0113,90.4329,997233127
857412094955,85,371.6165,436.8104,865.7466,-540.8027,280.3504,0.7464,997233127
857412094956,85,371.7928,436.5517,865.9203,117.8598,391.3073,-67.8521,997233127
857412094957,85,372.112,436.7996,865.5516,-12.0357,552.0078,148.6796,997233124
857412094958,85,372.1962,436.7578,865.8575,-487.8328,463.5321,26.8704,997233124
857413127077,85,371.5947,436.5579,865.5521,353.0425,558.6279,256.7285,997233127
857413127087,85,371.95,436.8884,865.6079,3.5364,303.5251,-233.2013,997233127
857413127088,85,371.9507,436.8546,865.6144,-22.1168,325.4423,37.8056,997233127
857413127094,85,371.8411,436.8482,865.6779,321.5256,401.9131,-242.3725,997233127
857413127095,85,371.9462,436.7037,865.5663,-156.5266,248.0482,78.5415,997233127
857413127101,85,371.7458,436.9894,865.6149,17.4538,377.4615,-39.6899,997233127
857413127102,85,371.957,436.9836,865.6432,163.8113,405.8701,134.5347,997233127
857413127103,85,372.0053,436.7384,865.6479,112.9607,354.0549,116.2357,997233127
857413127104,85,372.0917,436.6676,865.6684,-212.3659,274.1489,283.0801,997233124
857413127108,85,371.6069,436.6337,865.6356,-2.7009,253.3985,-318.452,997233127
857413127109,85,371.877,436.6377,865.7122,69.6848,795.1014,-61.9777,997233127
857413127110,85,371.8814,436.7498,865.4892,216.0913,436.3188,-60.3259,997233127
857413127111,85,371.9231,436.8535,865.6088,168.356,385.6795,-58.6547,997233127
857413127112,85,371.9769,436.7281,865.7204,68.0629,239.0733,186.0623,997233127
857413127116,85,371.472,436.5637,865.8301,-14.8188,332.8056,5.7806,997233127
857413127117,85,371.7,436.654,865.7314,194.4683,464.4754,-154.3677,997233127
857413127118,85,371.6603,436.6992,865.7324,32.1161,426.2663,-206.3989,997233127
857413127119,85,371.7215,436.6255,865.7433,-26.2103,563.4887,-86.4866,997233127
857413127120,85,371.9326,436.927,865.6129,209.0427,527.2811,188.6821,997233127
857413127123,85,371.8726,436.9212,865.7999,-442.7239,6.1976,178.761,997233127
857413127124,85,371.7759,436.5719,865.7401,135.1983,420.6849,-156.1646,997233127
857413127125,85,371.7205,436.6119,865.7587,70.8961,400.8194,-432.9006,997233127
857413127126,85,371.6999,436.6202,865.73,172.7053,362.519,-87.2719,997233127
857413127127,85,371.7156,436.6631,865.7508,119.3173,346.0539,-258.0123,997233127
857413127128,85,371.717,436.6553,865.7291,165.4849,353.0164,-132.6117,997233127
857413127132,85,371.7982,436.6438,865.7142,202.6885,487.8893,-209.3853,997233127
857413127134,85,371.6937,436.6193,865.7621,265.6103,432.2649,-160.596,997233127
857413127135,85,371.705,436.6269,865.7507,239.0498,452.265,-77.3422,997233127
857413127136,85,371.6716,436.6892,865.7567,94.1179,539.0842,-326.8318,997233127
857413127140,85,371.9722,436.7985,865.4485,141.1365,515.73,-23.3433,997233127
857413127141,85,371.6664,436.6193,865.7847,70.7882,320.3616,-287.7385,997233127
857413127142,85,371.7013,436.6433,865.7818,-87.307,395.8119,-88.2267,997233127
857413127143,85,371.6983,436.6043,865.7515,173.3079,477.7212,-274.7549,997233127
857413127144,85,371.7196,436.6703,865.732,139.0463,387.416,0.1352,997233127
857413127149,85,371.6478,436.631,865.7852,68.3912,300.2442,-135.4496,997233127
857413127150,85,371.798,436.5991,865.7501,114.5929,491.2035,-319.2766,997233127
857413127151,85,371.6454,436.6447,865.7693,194.0889,598.8525,-11.8666,997233127
857413127152,85,371.6424,436.6255,865.8278,-22.1699,470.5223,-200.5609,997233127
857413143473,85,371.9353,436.8799,865.6093,112.8763,262.9473,-1.0375,997233127
857413143474,85,371.8974,436.9899,865.6586,-22.4369,457.5093,20.5101,997233127
857413143481,85,371.9375,436.8736,865.6094,48.3647,343.9363,-57.574,997233127
857413143482,85,371.9427,436.8925,865.6155,228.8894,299.7679,-86.6099,997233127
857413143483,85,371.9249,436.8937,865.6182,103.6076,215.4088,6.2629,997233127
857413143489,85,371.9458,436.8835,865.6735,-11.6898,287.2539,-12.8234,997233127
857413143490,85,371.9408,436.8875,865.6196,223.7549,418.4096,-8.4989,997233127
857413143491,85,371.8741,436.9088,865.626,82.8321,446.0434,13.1472,997233127
857413143492,85,371.9688,436.8396,865.7035,-14.0859,886.8307,176.4305,997233127
857413143497,85,372.0115,436.6311,865.7104,-266.7551,285.7641,208.8803,997233127
857413143498,85,371.9692,436.8914,865.614,22.8074,384.2222,-52.2099,997233127
857413143499,85,371.929,436.8991,865.6248,140.9636,407.3798,-53.06,997233127
857413143500,85,371.9229,436.9891,865.4341,-194.5968,582.2568,-191.3521,997233127
857413143501,85,371.9862,436.7393,866.0366,83.9442,181.7224,-305.6004,997233127
857413143505,85,371.7293,436.5902,865.7335,228.3455,490.9895,-180.7006,997233127
857413143506,85,371.9791,436.7402,865.6793,110.2361,439.4773,242.3011,997233127
857413143507,85,371.6132,436.8417,865.7304,-172.1541,655.1861,-38.8292,997233127
857413143509,85,371.6643,436.5419,865.4737,-244.9166,255.9765,81.577,997233127
857413143513,85,371.6955,436.6057,865.753,32.8992,474.392,1.653,997233127
857413143514,85,371.7853,436.8488,865.5056,165.0558,553.6643,-62.8856,997233127
857413143517,85,371.9458,436.819,865.6985,184.6163,410.0668,306.3018,997233127
857413143521,85,371.7293,436.603,865.7413,-15.4196,475.5111,-129.4448,997233127
857413143522,85,371.7253,436.5867,865.7621,-57.1877,367.6198,-127.0955,997233127
857413143523,85,371.5762,436.6222,865.9876,14.2457,333.6147,-20.5261,997233127
857413143524,85,371.595,436.6122,866.0037,-64.7841,457.6247,-145.9239,997233127
857413143525,85,371.669,436.9113,865.4676,-79.8886,573.48,42.0416,997233127
857413143529,85,371.7458,436.7256,865.7673,132.0327,458.6455,-144.9642,997233127
857413143530,85,372.0287,436.7625,865.7124,21.8252,490.181,-177.5551,997233127
857413143531,85,371.9713,436.7446,865.6178,-246.7283,617.0943,-242.4504,997233127
857413143532,85,371.7038,436.7529,865.5343,29.4442,378.7673,-246.5532,997233127
857413143534,85,372.0201,436.9059,865.3833,-412.5477,205.9256,-28.1939,997233127
857413143539,85,371.8217,436.7134,865.9315,131.656,494.3313,-10.6208,997233127
857413143540,85,371.9086,436.7879,865.6429,45.0841,481.7701,-264.6928,997233127
857413143541,85,371.8618,436.5743,865.5854,237.9256,192.8015,-188.6621,997233127
857413143542,85,371.5331,436.5841,865.8329,-189.5724,69.5418,159.1867,997233127
857414175662,85,371.9659,437.0142,865.514,33.452,384.3931,-114.9965,997233127
857414175663,85,371.9254,436.9079,865.5969,235.0235,502.2981,-60.4486,997233127
857414175664,85,371.8974,436.9488,865.6226,177.1288,450.4261,-307.3779,997233127
857414175668,85,372.1837,436.7058,865.6091,-23.9447,769.9462,398.0825,997233124
857414175669,85,372.0105,436.6061,865.5624,-23.7819,396.913,105.3356,997233127
857414175670,85,371.93,436.9082,865.6177,228.6559,375.9978,99.8095,997233127
857414175671,85,371.9427,436.8889,865.6253,91.8919,284.8863,-98.8995,997233127
857414175672,85,371.9028,437.0392,865.5612,229.5473,486.4691,-2.6877,997233127
857414175676,85,372.1679,436.6915,865.588,-458.4963,322.8034,298.2484,997233124
857414175677,85,371.9581,436.6104,865.6421,-236.0579,467.0672,178.9469,997233127
857414175678,85,371.9319,436.8653,865.6211,142.8222,435.2622,-26.5841,997233127
857414175679,85,371.922,436.8379,865.6331,58.2237,297.8085,-169.0568,997233127
857414175680,85,371.9373,436.7489,865.6718,-24.9308,337.5902,162.3027,997233127
857414175684,85,372.0624,436.8432,865.6217,-32.0315,529.7138,45.5862,997233127
857414175687,85,371.9386,436.8595,865.6503,-88.6336,296.8676,-77.0342,997233127
857414175688,85,371.9702,436.5956,865.7812,-438.234,317.3475,250.8002,997233127
857414175693,85,371.6806,436.7228,865.8689,112.3869,132.5476,-223.1763,997233127
857414175694,85,371.724,436.6604,865.7819,51.4622,440.3401,-155.5589,997233127
857414175695,85,371.7069,436.6366,865.7737,59.7099,575.4834,-85.9757,997233127
857414175696,85,371.9818,436.8239,865.6041,196.9241,630.7112,0.6012,997233127
857414175699,85,371.779,436.6337,865.8338,-216.1567,461.0041,-452.5636,997233127
857414175700,85,371.9535,436.7858,865.6328,255.517,500.2075,-18.1555,997233127
857414175701,85,371.688,436.6405,865.745,63.2588,334.9982,-84.5674,997233127
857414175702,85,371.6858,436.6314,865.7324,44.0634,174.9888,-179.3349,997233127
857414175703,85,371.712,436.6497,865.7029,231.5741,391.1462,-93.1723,997233127
857414175704,85,371.6857,436.5812,865.7705,136.1445,322.0201,-190.9279,997233127
857414175707,85,371.7172,436.5046,865.8807,25.114,281.8917,-249.752,997233120
857414175708,85,371.746,436.7308,865.6873,140.1196,411.0619,-259.0087,997233127
857414175709,85,371.7188,436.6729,865.7277,134.9571,258.0995,-168.2747,997233127
857414175710,85,371.7137,436.6362,865.7382,120.1546,454.4581,-43.6703,997233127
857414175711,85,371.6544,436.6301,865.7665,138.3642,353.7315,-325.562,997233127
857414175712,85,371.6992,436.6133,865.75,89.7553,577.2561,-65.5208,997233127
857414175715,85,371.5641,436.6748,865.7643,158.8441,392.7775,32.921,997233127
857414175716,85,371.8137,436.6177,865.7195,280.4352,406.3046,-61.8147,997233127
857414175717,85,371.7555,436.6152,865.7042,115.028,630.6132,-172.4867,997233127
857414175718,85,371.6908,436.626,865.7449,35.4863,533.4665,-234.7893,997233127
857414175719,85,371.6971,436.6129,865.7556,280.0602,454.8314,-220.3141,997233127
857414175720,85,371.6913,436.6288,865.7309,135.754,249.356,-208.3569,997233127
857414175724,85,371.7938,436.8698,865.4009,82.8256,648.4795,-80.8913,997233127
857414175725,85,371.7329,436.6568,865.7471,-0.394,337.7461,-136.2807,997233127
857414175726,85,371.7138,436.6334,865.7502,232.1404,506.5778,-195.6436,997233127
857414175727,85,371.6681,436.6136,865.7783,59.7341,514.8385,-205.379,997233127
857414175728,85,371.733,436.6371,865.6919,-18.6987,586.7853,-195.0114,997233127
857414175732,85,371.5876,436.5548,865.8849,-428.119,74.3476,46.7741,997233127
857414175733,85,371.8593,436.6334,865.8469,82.3014,588.4071,-71.8607,997233127
857414175734,85,371.8014,436.7962,865.5758,138.4997,767.5746,-11.4944,997233127
857414175735,85,371.893,436.9438,865.6182,261.8038,594.7481,210.613,997233127
857414175736,85,371.3393,436.7,865.8261,-88.0484,294.6425,-53.5539,997233127
857414192041,85,372.1009,436.6555,865.7911,-260.6867,280.7972,374.8029,997233124
857414192042,85,372.1942,436.555,865.8641,-159.1349,94.7552,-259.8395,997233124
857414192049,85,371.9678,437.022,865.4609,2.9078,456.2252,-203.4676,997233127
857414192057,85,371.9514,436.8947,865.5919,181.3879,433.922,-120.9702,997233127
857414192058,85,371.9423,436.8961,865.6188,224.3918,264.1296,-88.6755,997233127
857414192065,85,372.0121,437.0305,865.6151,22.0702,473.9504,-49.2552,997233127
857414192066,85,371.7979,436.5172,865.8589,268.8137,264.7049,-123.5297,997233120
857414192067,85,371.9637,436.8255,865.6862,-265.6282,172.1814,85.1206,997233127
857414192073,85,371.9887,436.6261,865.6671,-239.6077,282.1606,62.8104,997233127
857414192074,85,371.9478,436.8696,865.6182,212.6145,483.9759,4.8064,997233127
857414192075,85,371.9339,436.8489,865.5712,291.1141,257.9544,-201.4356,997233127
857414192081,85,371.6976,436.6337,865.7619,151.5484,218.4962,129.7705,997233127
857414192082,85,371.8139,436.6328,865.7633,-180.2998,859.3722,-220.1558,997233127
857414192083,85,372.0772,436.4341,865.7876,-354.6856,167.48,-208.223,997233123
857414192084,85,371.8867,436.6805,865.713,164.6308,450.256,-350.9453,997233127
857414192089,85,371.6175,436.6193,865.7767,79.9667,474.6113,-173.6213,997233127
857414192090,85,371.78,436.7444,865.5762,132.1662,462.8401,-145.8623,997233127
857414192091,85,371.8283,436.9451,865.6579,-46.8934,400.8761,5.5896,997233127
857414192092,85,371.959,436.6966,865.5748,-158.8518,211.7769,-122.3516,997233127
857414192097,85,371.7087,436.6205,865.7554,4.7044,303.5017,-100.5519,997233127
857414192098,85,371.5811,436.5485,865.9828,55.8814,198.1525,-54.4989,997233127
857414192099,85,371.8058,436.7412,865.6223,120.5596,393.7207,-254.7532,997233127
857414192100,85,371.6056,436.4819,865.8138,-179.1036,-23.2427,-186.7331,997233120
857414192105,85,371.7328,436.6483,865.7275,106.9806,410.6504,-131.1879,997233127
857414192106,85,371.4451,436.7794,865.796,-363.0181,278.5059,-74.7597,997233127
857414192107,85,371.6573,436.7105,865.5828,-99.076,571.9308,-224.54,997233127
857414192110,85,371.8897,436.9127,865.5524,-417.0889,121.2624,-229.4475,997233127
857414192113,85,371.8781,436.9191,865.6095,185.2679,638.5478,118.732,997233127
857414192114,85,371.9735,436.7341,865.4612,-137.3077,351.5549,-52.4515,997233127
857414192115,85,371.9129,436.7085,865.4383,36.8308,437.6734,-21.4648,997233127
857414192116,85,371.8456,436.7232,865.5529,134.1764,368.0437,-287.6375,997233127
857414192117,85,371.907,436.681,865.7325,-135.0544,840.3647,-338.7342,997233127
857414192123,85,371.626,436.5311,865.7661,-33.2756,473.3266,-390.0332,997233127
857414192124,85,371.498,436.7144,865.8913,-63.8903,511.0743,-193.9099,997233127
857414192126,85,371.924,436.5948,865.4791,143.6937,279.4582,188.1803,997233127
857414192127,85,372.1312,436.9056,865.7125,-297.1313,335.162,-302.933,997233124
857414192136,85,371.6164,436.6314,865.9507,-297.8334,686.1246,259.2039,997233127
857415224238,85,371.951,436.931,865.6074,22.1357,412.4587,-40.4231,997233127
857415224239,85,371.9233,436.8509,865.6021,30.0781,399.6994,1.6292,997233127
857415224240,85,371.9424,436.8808,865.6238,-17.0577,378.8772,-259.259,997233127
857415224245,85,371.9099,437.0382,865.5242,-74.6401,367.5883,-206.5846,997233127
857415224246,85,371.9275,436.8901,865.6341,140.9889,282.749,-31.9539,997233127
857415224247,85,371.9145,436.9539,865.5942,113.1094,433.3348,-21.1102,997233127
857415224248,85,371.9378,436.8465,865.6766,201.1528,363.6983,-3.0328,997233127
857415224251,85,372.326,436.6057,865.6155,-142.7643,772.3328,181.6893,997233124
857415224252,85,371.555,436.7098,866.0737,-84.9348,550.0695,39.9035,997233127
857415224253,85,371.9494,436.6344,865.6091,118.646,199.7259,-42.0763,997233127
857415224254,85,371.9334,436.9101,865.601,225.4153,503.5514,6.3318,997233127
857415224255,85,371.9315,436.9555,865.6267,130.5078,418.408,-26.7503,997233127
857415224256,85,371.9349,436.8342,865.6119,121.243,339.7414,-36.4407,997233127
857415224259,85,371.5189,436.8885,865.869,-279.1508,75.7812,103.9283,997233127
857415224261,85,371.9317,436.8155,865.6557,38.7866,379.8134,-39.3354,997233127
857415224262,85,372.045,436.7032,865.614,-141.4856,388.2087,176.5904,997233127
857415224263,85,371.9757,436.8354,865.6353,195.6412,352.2838,67.6402,997233127
857415224264,85,371.9602,436.9001,865.6221,198.7707,534.5484,-86.1794,997233127
857415224268,85,371.6224,436.6736,865.726,-27.107,250.9872,-193.6584,997233127
857415224269,85,371.705,436.6394,865.7757,78.9821,318.6156,7.5973,997233127
857415224270,85,371.6751,436.6388,865.769,11.0986,348.5381,-289.0634,997233127
857415224271,85,372.0042,436.7415,865.5875,176.1398,505.9203,149.1503,997233127
857415224275,85,371.823,436.6715,865.676,-86.3256,656.7095,-367.7577,997233127
857415224276,85,371.7823,436.5608,865.7448,-20.1125,450.2864,-105.5111,997233127
857415224277,85,371.7497,436.6649,865.6461,251.0631,367.5723,0.0404,997233127
857415224278,85,371.6993,436.6331,865.7397,-108.19,507.9231,-222.418,997233127
857415224279,85,371.6997,436.614,865.7617,138.9409,426.7102,-110.8683,997233127
857415224280,85,371.7986,436.6126,865.6282,114.0479,627.192,2.3836,997233127
857415224283,85,371.7755,436.7148,865.5401,216.6593,432.2241,-115.0168,997233127
857415224284,85,371.6301,436.6749,865.7626,132.194,506.9368,-199.7028,997233127
857415224285,85,371.7044,436.6348,865.7545,74.0202,583.0694,-279.6118,997233127
857415224286,85,371.6919,436.6906,865.7117,136.9188,367.5048,-256.16,997233127
857415224287,85,371.6972,436.6292,865.7352,213.4153,217.735,-148.7948,997233127
857415224288,85,371.7278,436.6541,865.7362,282.9726,154.2241,-2.4756,997233127
857415224291,85,371.699,436.8525,865.4025,-50.1476,623.0674,-163.3191,997233127
857415224293,85,371.7726,436.6557,865.5498,60.3721,599.9573,-29.3511,997233127
857415224294,85,371.6914,436.6665,865.7789,115.905,499.5402,-86.942,997233127
857415224295,85,371.6818,436.6324,865.7815,89.1259,521.2501,52.0113,997233127
857415224296,85,371.6771,436.6302,865.7444,316.4555,332.4438,-277.4323,997233127
857415224299,85,371.828,436.609,865.6876,-123.0288,710.6124,-389.4978,997233127
857415224300,85,371.6885,436.8948,865.5093,90.2863,647.1434,45.2476,997233127
857415224301,85,371.6729,436.641,865.714,143.9597,269.9958,-379.2512,997233127
857415224302,85,371.9105,436.78,865.6815,224.1484,429.3023,-50.6354,997233127
857415224303,85,371.7117,436.6297,865.7719,35.9304,534.0729,-440.0361,997233127
857415224304,85,371.6489,436.6717,865.7597,108.7044,321.2796,-288.9047,997233127
857415224308,85,371.6951,436.6966,865.4886,-86.0223,708.3799,-141.9014,997233127
857415224309,85,371.9478,436.7401,865.5023,102.5314,479.6232,153.7632,997233127
857415224310,85,371.8557,436.5672,865.5629,53.7321,503.3505,-166.1552,997233127
857415224311,85,371.5507,436.5464,866.009,-31.1208,384.2245,-56.6297,997233127
857415224312,85,371.7032,436.6649,865.7303,354.5928,472.6986,-58.7024,997233127
857415224315,85,371.7035,436.5177,865.8712,-306.393,-24.25,7.1678,997233120
857415224316,85,371.7194,436.3734,866.0305,-106.9111,403.7358,-240.1,997233120
857415224318,85,371.528,436.6195,865.7844,-22.9821,528.9979,-310.1253,997233127
857415224319,85,372.0498,436.7358,865.6553,190.556,311.6936,-37.6142,997233127
857415224320,85,372.0481,436.9222,865.6103,23.4642,488.5457,-79.0899,997233127
857415240625,85,372.1996,436.5685,865.7061,-82.9468,330.2519,351.05,997233124
857415240633,85,371.9292,436.7251,865.6648,147.0844,300.9664,136.3758,997233127
857415240634,85,372.1532,436.7545,865.7515,-100.9229,151.0624,275.6222,997233124
857415240641,85,372.2407,436.5475,865.6744,-26.1368,240.945,262.0981,997233124
857415240642,85,372.1513,436.6297,865.7408,-258.9052,146.972,197.2841,997233124
857415240649,85,372.0446,436.6719,865.8084,-334.7802,350.968,239.8188,997233127
857415240650,85,371.9117,436.9409,865.5978,172.9931,403.4233,-266.418,997233127
857415240651,85,372.0472,436.5001,865.5107,46.2912,289.4885,-353.0784,997233120
857415240657,85,371.4491,436.7773,865.8057,-19.9304,289.8434,-58.709,997233127
857415240665,85,371.9553,436.9043,865.5071,11.2077,712.4898,157.4365,997233127
857415240666,85,371.7871,436.9336,865.6223,37.0422,405.9946,-65.8385,997233127
857415240667,85,371.4682,436.659,865.8987,-207.5247,655.8135,-82.1235,997233127
857415240673,85,371.7072,436.6318,865.7914,238.773,303.7807,-73.2695,997233127
857415240674,85,371.8912,436.9756,865.6383,-144.2968,443.6015,36.5376,997233127
857415240675,85,371.8672,436.9664,865.7404,220.8011,440.9196,-180.2119,997233127
857415240681,85,371.655,436.5169,865.941,86.9027,145.5634,-75.9395,997233120
857415240683,85,371.691,436.5349,865.9612,10.7478,272.9094,-42.0161,997233127
857415240684,85,371.8052,436.5715,865.9367,182.5975,291.8337,-97.0599,997233127
857415240685,85,371.6317,436.493,865.6691,-309.0645,654.7145,-81.4677,997233120
857415240686,85,372.2021,436.7128,865.4059,-134.7401,533.0829,-319.0134,997233124
857415240689,85,371.7039,436.6685,865.8065,-55.1508,390.3894,-282.5411,997233127
857415240690,85,371.9583,436.7866,865.5675,77.5193,516.5949,-157.8307,997233127
857415240691,85,371.5482,436.5661,865.7749,-267.6118,1.9055,80.8305,997233127
857415240692,85,371.7823,436.5825,866.0004,-11.5684,497.6625,-127.8795,997233127
857415240693,85,371.7518,436.7383,865.6024,28.3173,449.2517,-312.7948,997233127
857415240694,85,372.0606,436.9983,865.5572,-404.2233,243.626,-217.321,997233127
857415240697,85,371.5392,436.6813,865.9888,65.6513,420.9026,-2.9447,997233127
857415240698,85,372.0171,436.614,865.5065,21.0269,624.0151,-51.5302,997233127
857415240699,85,371.9219,436.7806,865.42,65.3223,519.9126,-96.8435,997233127
857415240700,85,371.8335,436.6948,865.4992,81.0629,449.1453,8.43,997233127
857415240703,85,372.1869,436.8853,865.6242,-351.7802,462.5386,-178.4815,997233124
857415240707,85,371.8084,436.6299,865.7004,-35.7412,264.6237,-419.0723,997233127
857415257097,85,372.1899,436.9513,865.4258,-336.3437,10.473,233.0652,997233124
857416272814,85,371.949,436.8654,865.6109,84.3332,453.4112,-39.4345,997233127
857416272815,85,371.9014,436.8997,865.6107,7.0276,363.9261,-32.0382,997233127
857416272816,85,372.0891,436.7189,865.5452,2.2572,297.1162,154.7063,997233124
857416272820,85,371.6236,436.7175,865.5168,-254.1291,483.0753,10.7555,997233127
857416272821,85,371.9215,436.8263,865.2495,36.8083,466.4376,-92.0213,997233127
857416272822,85,371.9612,436.934,865.5629,185.8968,330.2769,-157.419,997233127
857416272823,85,371.9542,436.8963,865.6244,226.6182,353.1472,-77.5039,997233127
857416272824,85,371.9283,436.8773,865.6264,243.9054,426.7954,88.0022,997233127
857416272828,85,371.5699,436.7314,866.0671,-104.2587,566.9659,30.2355,997233127
857416272829,85,371.8564,436.7489,865.7458,38.9351,-3.5517,-314.8725,997233127
857416272830,85,371.9011,436.9375,865.5648,110.2078,556.2507,34.7434,997233127
857416272831,85,371.925,436.8917,865.6169,77.331,400.9557,39.1934,997233127
857416272832,85,371.9337,436.7656,865.6384,41.8144,295.2438,9.0093,997233127
857416272835,85,371.7007,436.9565,865.449,-166.9459,295.2906,-388.7457,997233127
857416272836,85,371.8085,436.7409,865.9271,-330.0016,758.9848,50.0711,997233127
857416272837,85,371.987,436.8919,865.6288,69.6684,216.329,-75.217,997233127
857416272838,85,371.9377,436.6418,865.5754,-279.9686,432.9272,137.7885,997233127
857416272839,85,371.8986,436.9279,865.6122,56.3268,312.9275,-107.3814,997233127
857416272840,85,371.9466,436.7552,865.6141,192.7267,302.5915,242.6677,997233127
857416272844,85,371.6803,436.7169,865.6667,-1.4422,275.5554,-258.2262,997233127
857416272845,85,371.7477,436.7057,865.5684,137.928,457.788,-3.3264,997233127
857416272846,85,371.7408,436.5031,865.7663,130.326,452.7961,-179.173,997233120
857416272848,85,371.9557,436.8327,865.5873,290.4204,404.0909,-180.7455,997233127
857416272850,85,372.1679,436.6405,865.7235,-319.8228,839.2961,22.8759,997233124
857416272851,85,371.9919,436.4458,865.8145,144.622,517.1652,13.6868,997233120
857416272852,85,372.0544,436.8028,865.5976,-155.6378,509.8589,-255.2286,997233127
857416272853,85,371.7292,436.8289,865.5083,68.1088,690.5886,38.0919,997233127
857416272854,85,371.7817,436.6261,865.7863,89.2801,471.9942,-32.9932,997233127
857416272855,85,371.702,436.5712,865.795,33.5557,490.515,-208.2612,997233127
857416272856,85,371.6727,436.6345,865.757,65.5192,379.1148,-481.2279,997233127
857416272858,85,372.0341,436.8963,865.6409,-527.2056,701.1486,208.1909,997233127
857416272861,85,371.6984,436.6118,865.7457,-1.3339,635.3049,-11.566,997233127
857416272862,85,372.0378,436.976,865.5976,34.2238,625.0459,72.5688,997233127
857416272863,85,371.6943,436.6193,865.764,185.7042,433.7545,-372.6831,997233127
857416272864,85,371.7394,436.7308,865.7036,247.3701,437.3339,-234.7693,997233127
857416272866,85,371.968,436.9527,865.64,-525.5094,577.4918,343.511,997233127
857416272867,85,371.9339,436.7291,865.8926,-370.7425,444.0739,592.6159,997233127
857416272868,85,371.8618,436.8513,865.6082,69.9066,486.9622,127.6406,997233127
857416272869,85,371.6514,436.5898,865.8046,175.668,344.4765,-282.7318,997233127
857416272870,85,371.6857,436.6826,865.7498,40.1862,284.9716,-316.581,997233127
857416272871,85,371.6432,436.6556,865.7422,58.2519,408.8291,-162.3283,997233127
857416272872,85,371.7136,436.6483,865.7498,124.1254,377.3759,-137.0523,997233127
857416272875,85,371.4435,436.6469,865.8906,-332.9519,215.7984,41.6946,997233127
857416272876,85,371.7973,436.5976,865.7,194.5822,535.2709,-141.08,997233127
857416272879,85,371.6448,436.6739,865.6609,202.9048,298.6782,-274.9579,997233127
857416272880,85,371.672,436.6475,865.7397,2.0612,571.3145,-117.3309,997233127
857416272884,85,372.214,436.6095,865.6783,-423.0482,458.5645,318.3517,997233124
857416272886,85,371.6742,436.5505,865.6399,61.4033,516.9006,-73.1545,997233127
857416272888,85,371.9251,436.5392,865.7823,148.5963,341.5314,-126.328,997233127
857416272892,85,372.0026,436.8443,865.573,-8.3168,557.6166,127.2806,997233127
857416272893,85,371.7251,436.5545,865.7659,238.3065,185.237,-92.1542,997233127
857416272894,85,371.8053,436.7001,865.6959,269.7858,305.5316,-220.1772,997233127
857416272895,85,371.9131,436.7386,865.6361,195.9108,676.3615,161.7039,997233127
857416272896,85,371.7816,436.7871,865.9164,48.8119,159.2353,-186.8636,997233127
857416272900,85,371.752,436.2696,865.879,-102.3813,461.2251,-171.9547,997233120
857416272902,85,371.8782,436.7171,865.8993,-57.479,227.1798,538.2081,997233127
857416289209,85,371.6232,436.7986,865.7267,213.0793,638.3012,-90.74,997233127
857416289217,85,371.9903,436.8758,865.6693,-4.8244,357.2181,-32.6207,997233127
857416289225,85,372.2139,436.7949,865.5954,-78.0725,343.4542,52.172,997233124
857416289233,85,371.8443,436.9042,865.4797,170.9387,489.2727,-31.2805,997233127
857416289234,85,371.7374,436.5939,866.0496,-385.4265,603.6576,-29.0785,997233127
857416289241,85,371.6924,436.6896,865.702,-44.5251,339.9724,-115.0105,997233127
857416289243,85,371.7924,436.7591,865.6697,-100.0409,784.4808,59.0675,997233127
857416289249,85,371.7513,436.6554,865.7864,-20.1534,441.0596,-56.1722,997233127
857416289250,85,371.9625,436.7661,865.6631,-53.3441,509.3644,314.7491,997233127
857416289252,85,371.8255,436.5146,865.8898,-435.3778,602.4554,-87.0186,997233120
857416289260,85,372.0769,436.9511,865.5782,42.339,320.0037,-115.8827,997233124
857416289261,85,371.6265,436.6963,865.9118,-328.6738,707.1905,-88.2018,997233127
857416289268,85,371.7132,436.4939,865.6147,-176.1313,644.6434,-13.5136,997233120
857416289273,85,371.8615,436.5384,865.5972,69.5257,352.9696,-156.1033,997233127
857416289274,85,372.2862,436.7649,865.7123,-404.3866,459.2727,292.6479,997233124
857416289275,85,371.8745,436.8252,865.8596,-602.218,239.9758,41.0931,997233127
857416289278,85,372.193,436.7399,865.7056,-364.0346,646.598,278.661,997233124
857416289279,85,372.0446,436.5672,865.8162,262.7942,527.5865,-279.3765,997233127
857416289285,85,372.2881,436.8045,865.6722,-337.5689,354.114,373.2792,997233124
857417321388,85,372.0962,436.8731,865.6171,56.0725,506.051,-495.2839,997233124
857417321396,85,371.9618,437.3414,865.4215,-174.3021,217.9362,-52.3895,997233127
857417321398,85,371.7567,436.968,865.4504,143.7579,548.5981,-7.8287,997233127
857417321399,85,371.9138,436.8582,865.6058,4.3102,487.683,-112.8394,997233127
857417321405,85,371.8287,436.7837,865.5777,-147.06,871.118,56.9482,997233127
857417321406,85,371.9791,436.7958,865.6498,46.8942,355.9036,117.0766,997233127
857417321407,85,371.9532,437.0735,865.5731,201.6364,491.8029,-56.0332,997233127
857417321408,85,371.9021,436.9061,865.6221,41.5348,318.3909,-28.8226,997233127
857417321412,85,371.5478,436.6698,865.6953,136.5488,83.7549,-207.4695,997233127
857417321413,85,371.8943,436.7873,865.6035,-360.7805,858.8586,143.8458,997233127
857417321414,85,371.8395,436.7006,865.6064,-161.9549,892.7377,-186.0552,997233127
857417321415,85,371.813,436.9418,865.4324,-12.3346,729.4758,-160.7629,997233127
857417321416,85,371.9549,436.7157,865.5992,212.2166,324.1801,110.9121,997233127
857417321419,85,371.6096,436.8674,865.895,21.1146,584.6526,-403.2022,997233127
857417321420,85,371.9506,436.495,865.5921,190.2205,552.6055,120.2443,997233120
857417321421,85,372.078,436.7218,865.6519,-90.2482,674.771,-163.2934,997233124
857417321423,85,371.7432,436.7713,865.3795,-177.2367,439.1343,-287.2949,997233127
857417321424,85,371.9772,436.8701,865.6719,166.3514,316.8801,23.2835,997233127
857417321426,85,371.8958,436.9515,865.3124,102.7945,229.9552,-353.8217,997233127
857417321427,85,371.8932,436.7325,865.2558,93.3716,219.3367,-224.4109,997233127
857417321428,85,371.9641,436.568,865.7291,75.0676,755.3089,118.8039,997233127
857417321429,85,371.8423,436.5596,865.6854,20.3178,527.4889,-211.4314,997233127
857417321430,85,371.6287,436.8779,865.8267,132.9106,454.1653,-62.9573,997233127
857417321431,85,371.986,436.9645,865.6412,-76.2099,570.9981,128.8798,997233127
857417321434,85,371.9712,436.8899,865.4139,204.2446,171.9429,-307.0944,997233127
857417321436,85,371.9482,436.75,865.9725,-155.4335,450.1242,460.3625,997233127
857417321437,85,371.6758,436.7838,865.7352,250.9973,405.7734,-243.4835,997233127
857417321439,85,371.6848,436.6328,865.7579,16.0958,342.3532,-53.6,997233127
857417321440,85,371.8797,436.8957,865.5062,109.7382,605.4647,100.4208,997233127
857417321442,85,372.0862,436.7159,865.3379,183.3546,280.202,-94.5155,997233124
857417321443,85,371.4789,436.7048,865.7294,204.6316,229.442,-153.252,997233127
857417321444,85,371.6361,436.8699,865.8473,-382.5255,395.4101,71.6831,997233127
857417321445,85,371.6747,436.5762,865.7347,180.2745,513.9544,-142.8951,997233127
857417321446,85,371.5633,436.6141,865.9235,-44.8174,343.1511,-185.5374,997233127
857417321447,85,371.9064,436.7054,865.715,365.8715,335.6066,88.8792,997233127
857417321448,85,371.8348,436.6414,865.6318,219.7727,422.0995,-50.8727,997233127
857417321450,85,371.8145,436.7975,865.4948,109.8711,117.4764,80.312,997233127
857417321451,85,371.8844,436.8294,865.5743,-159.8133,586.9499,-100.3998,997233127
857417321452,85,371.685,436.8852,865.86,-332.3896,399.9963,39.2701,997233127
857417321454,85,371.7825,436.5608,865.7211,145.5325,485.8432,-142.8128,997233127
857417321455,85,371.4728,436.5915,865.8092,-16.4935,520.7022,-70.8059,997233127
857417321458,85,371.9374,436.9016,865.6684,-425.2735,808.0644,353.273,997233127
857417321459,85,371.5657,436.9108,865.8666,-340.7414,459.4356,-16.4011,997233127
857417321462,85,371.7022,436.5555,865.7032,31.8904,180.1053,-280.7311,997233127
857417321463,85,371.7385,436.638,865.838,100.3329,246.5324,-153.1145,997233127
857417321464,85,371.561,436.7952,866.0213,-35.8111,427.8815,-96.424,997233127
857417321468,85,372.2833,436.5853,865.5789,-327.3251,439.6366,347.6171,997233124
857417321470,85,372.1366,436.703,865.7742,-561.5368,279.1204,173.8335,997233124
857417321471,85,372.2885,436.7243,865.7965,-427.9543,276.0016,230.019,997233124
857417321472,85,371.7585,436.6603,865.9821,-515.5229,346.6282,-82.6206,997233127
857417321476,85,371.5586,436.7086,865.7354,-396.8845,431.9419,51.4684,997233127
857417321478,85,372.1708,436.7729,865.585,-320.1689,244.6595,456.2446,997233124
857417337801,85,371.9127,436.5369,865.7602,-326.8738,707.5221,-172.0253,997233127
857417337809,85,371.5738,436.7299,865.718,-232.3968,577.1046,-43.7062,997233127
857417337817,85,371.9257,436.3487,865.6458,-214.8899,559.044,-14.3384,997233120
857417337818,85,371.7213,436.3428,866.0011,-329.1083,423.7818,-114.2468,997233120
857417337828,85,371.7505,436.3058,865.9478,-257.8146,508.0456,-70.5218,997233120
857417337833,85,371.9629,436.3749,865.7385,-108.5524,119.8878,-266.649,997233120
857417337835,85,371.6149,436.7825,865.7999,29.9423,167.0728,-87.8832,997233127
857417337836,85,371.8972,436.8141,865.6113,116.222,278.1052,244.0005,997233127
857417337842,85,371.5424,436.661,865.5912,-153.4393,636.9241,-102.1359,997233127
857417337843,85,371.6548,436.7119,865.6669,-146.2896,605.1894,-46.1407,997233127
857417337849,85,372.1462,436.6653,865.4218,228.1316,194.6601,185.9112,997233124
857417337850,85,371.9108,436.7434,865.3912,272.0138,145.8989,82.4578,997233127
857417337854,85,371.9142,436.3696,865.5803,-69.0545,303.1338,204.6276,997233120
857417337861,85,371.943,436.6161,865.3344,160.9008,186.759,236.1231,997233127
857417337863,85,371.7974,436.7791,865.3508,-48.8109,358.6431,135.157,997233127
857417337867,85,371.9107,436.6958,865.5952,-25.611,-109.012,-11.9453,997233127
857417337868,85,372.133,436.5472,865.6742,16.8745,84.5144,276.7269,997233124
857417337870,85,371.9507,436.916,865.8354,265.6529,335.6142,-134.5958,997233127
857417337875,85,371.8792,437.4168,865.404,44.3849,362.4518,-13.7908,997233127
857417337876,85,371.5932,436.7847,865.6834,-86.2148,662.291,428.0116,997233127
857418369972,85,372.2856,436.8141,865.5697,-247.7614,719.6511,-265.8517,997233124
857418369979,85,372.1838,436.8532,865.8021,-323.2822,670.1824,-311.7973,997233124
857418369980,85,371.8091,436.7973,865.534,-459.2822,470.6447,-358.5323,997233127
857418369981,85,372.0175,436.8159,865.7479,32.2903,488.715,377.4962,997233127
857418369982,85,371.9801,436.427,865.6529,-173.865,686.4616,-126.8813,997233120
857418369983,85,372.1328,436.754,865.5923,278.3336,366.1188,-57.7018,997233124
857418369989,85,372.1938,436.7938,865.6044,64.9671,427.2664,276.7951,997233124
857418369990,85,371.699,436.6068,865.9323,-116.8158,634.5168,-179.981,997233127
857418369991,85,371.8674,436.3994,865.6667,-115.5295,717.993,-72.267,997233120
857418369992,85,372.2004,436.7896,865.7765,-131.5265,310.5534,207.8824,997233124
857418369995,85,372.0934,436.7664,865.3532,234.2182,231.8282,-185.654,997233124
857418369999,85,371.8544,436.8235,865.6292,-93.0422,885.1484,191.6003,997233127
857418370000,85,371.7198,436.4684,865.7762,-305.3047,713.6307,-86.5197,997233120
857418370003,85,371.7055,436.817,865.7143,348.3869,563.5782,-360.4146,997233127
857418370007,85,371.438,436.7499,865.8496,-55.9042,384.8453,-246.5988,997233127
857418370011,85,371.9545,436.9246,865.6077,306.7522,862.6299,152.7762,997233127
857418370012,85,371.6812,436.5444,865.7736,220.8369,123.7413,-202.9191,997233127
857418370015,85,372.1006,436.6709,865.7792,145.4341,348.8062,121.4252,997233124
857418370016,85,371.8617,436.4135,865.7112,-188.2745,631.3725,-16.6575,997233120
857418370018,85,371.7583,437.1021,865.382,-113.3211,355.0599,-38.2697,997233127
857418370019,85,371.7582,436.6231,865.7889,-212.8886,117.6892,-243.1797,997233127
857418370020,85,372.278,436.543,865.7536,126.24,466.3668,197.6446,997233124
857418370021,85,371.857,436.7487,865.7155,49.279,153.2871,9.4619,997233127
857418370022,85,372.0861,436.6894,865.5594,90.234,664.1091,291.8117,997233124
857418370023,85,371.7591,436.4723,865.7226,-24.4926,559.3214,-138.4824,997233120
857418370024,85,371.8685,436.1889,865.5279,-145.3388,464.4708,-125.1108,997233120
857418370026,85,372.0801,437.1724,865.3631,-131.4386,435.2426,-81.8167,997233124
857418370027,85,371.8705,436.7195,865.7874,-586.2069,491.879,455.6055,997233127
857418370028,85,371.8436,436.7048,865.8602,-428.9727,421.407,366.9815,997233127
857418370029,85,371.7057,436.6791,865.8042,-86.3744,98.5625,-149.1759,997233127
857418370030,85,371.7628,436.821,865.6766,-289.8813,484.2945,-100.3475,997233127
857418370031,85,371.813,436.7185,865.7864,-439.2166,745.7263,-69.4323,997233127
857418370032,85,372.0366,436.7382,865.3522,298.6793,265.289,136.8639,997233127
857418370034,85,371.8234,437.1668,865.4271,-59.4031,385.6521,-182.6139,997233127
857418370035,85,371.8746,436.6521,865.8491,-447.1754,257.1195,273.2233,997233127
857418370036,85,372.037,436.6385,865.6133,109.6064,425.0139,528.9282,997233127
857418370037,85,371.9031,436.8914,865.6721,-400.9184,201.5709,380.2976,997233127
857418370038,85,371.8387,436.6555,865.7831,-339.3147,164.3318,103.2111,997233127
857418370039,85,371.7758,436.7548,865.8257,167.8056,80.7611,169.8731,997233127
857418370040,85,371.8001,436.6143,865.5473,-5.3447,173.8321,-120.572,997233127
857418370043,85,371.6189,436.6562,865.7636,-204.6756,452.2171,-263.3295,997233127
857418370045,85,371.8555,436.7134,865.7077,-613.0415,247.4102,365.1375,997233127
857418370046,85,371.9922,436.6404,865.7524,-237.0352,401.0188,-150.8912,997233127
857418370047,85,371.9702,436.8514,865.5765,0.0551,237.8413,460.6942,997233127
857418370048,85,371.9244,436.7074,865.7766,-155.0073,396.7407,497.2333,997233127
857418370051,85,371.8309,436.9781,865.4521,-85.7634,-63.4262,-32.9919,997233127
857418370052,85,371.7674,436.9815,865.7478,-117.4756,94.7297,-335.7264,997233127
857418370053,85,371.7455,436.6969,865.7296,-417.1312,379.7507,424.131,997233127
857418370054,85,371.8935,436.7815,865.6749,-492.718,376.4466,-27.0275,997233127
857418370055,85,372.1158,436.5672,865.7702,-209.8782,275.3007,101.8963,997233124
857418370056,85,371.9567,436.7936,865.788,-398.9332,705.3358,212.0968,997233127
857418370060,85,371.7244,436.516,865.7905,-350.7723,106.6781,40.2083,997233120
857418370061,85,371.688,436.8575,865.4177,309.1106,341.2749,55.569,997233127
857418370062,85,371.927,436.8936,865.436,301.7216,191.3966,240.8603,997233127
857418370063,85,372.287,436.5494,865.5916,172.2805,127.7241,122.5996,997233124
857418370064,85,371.9503,436.718,865.531,-2.3407,632.3613,-403.2565,997233127
857418370070,85,372.0394,436.5672,865.8254,-110.9205,234.4313,-251.2248,997233127
857418370071,85,371.9687,436.7342,865.3356,-37.8809,523.2771,-128.2371,997233127
857418370072,85,371.941,436.7207,865.3405,-35.8218,521.7664,-129.3684,997233127
857418370078,85,372.0456,436.5129,865.9677,-118.9224,258.4941,-72.1692,997233120
857418370079,85,372.0167,436.6009,865.3726,-3.3705,418.88,-79.8769,997233127
857418370080,85,371.982,436.6623,865.3997,-47.8985,490.9301,-26.7242,997233127
857418386385,85,371.7745,436.4941,865.7656,-251.4732,612.9946,-240.6213,997233120
857418386393,85,371.9074,436.2892,865.5745,-187.6563,486.2941,-29.7249,997233120
857418386395,85,372.0539,436.5363,865.6986,21.6995,143.3193,-415.0814,997233127
857418386403,85,371.5309,436.5768,865.7509,-120.5453,722.9214,-141.2792,997233127
857418386409,85,371.4857,436.5547,865.6195,-194.3958,616.6339,-113.7256,997233127
857418386411,85,371.5453,436.5634,865.7925,-111.2391,673.5357,-36.3487,997233127
857418386417,85,372.0085,436.6161,865.6631,-218.7587,541.1101,-88.9739,997233127
857418386418,85,371.8105,436.6862,865.8074,-381.4199,603.4003,-160.9094,997233127
857418386419,85,371.6539,436.7263,865.6793,-139.2091,156.6763,90.4572,997233127
857418386420,85,371.649,436.6211,865.7258,-187.8236,800.5397,-192.4186,997233127
857418386425,85,372.0387,436.7095,865.7031,-268.1519,450.6899,-124.3883,997233127
857418386426,85,371.8105,436.7757,865.4988,-10.7619,348.3932,-158.4492,997233127
857418386427,85,372.2307,437.0679,865.6181,-63.9607,277.7444,107.54,997233124
857418386428,85,371.8439,436.5954,865.679,184.7305,194.3051,103.3941,997233127
857418386429,85,371.9625,436.6804,865.4913,-270.0416,499.6528,158.8015,997233127
857418386430,85,371.8296,437.0582,865.4903,-214.8606,438.8005,269.2662,997233127
857418386433,85,371.9765,436.9453,865.7304,-124.1987,354.8102,-95.9147,997233127
857418386434,85,372.0248,436.5769,865.933,-209.3855,568.5595,60.2244,997233127
857418386435,85,371.7432,436.8905,865.6369,-67.1943,338.4348,-226.5341,997233127
857418386436,85,372.0558,436.8466,865.8951,-112.2708,400.5403,221.1725,997233127
857418386437,85,371.6418,436.6974,865.8646,-164.6569,155.6224,68.4435,997233127
857418386438,85,372.1135,436.5672,865.5939,29.977,441.8956,-61.4683,997233124
857418386439,85,371.8612,437.118,865.5548,-243.1496,487.7315,228.9854,997233127
857418386441,85,371.9266,436.8728,865.4064,-90.818,555.1409,155.1832,997233127
857418386442,85,371.8012,436.7646,865.8769,-192.2733,551.9294,-223.1154,997233127
857418386443,85,371.9153,436.6339,865.8065,-286.2794,446.9171,232.6454,997233127
857418386444,85,371.8122,436.7598,865.6323,-72.2712,286.7693,-71.916,997233127
857418386445,85,372.0829,437.1614,865.312,103.8875,201.5426,-5.296,997233124
857418386446,85,372.0958,437.0517,865.3272,85.0181,141.9882,52.8954,997233124
857418386449,85,371.9794,436.8413,865.4263,-48.8577,464.0732,265.592,997233127
857418386450,85,372.1057,436.5393,865.5947,30.6012,130.0305,335.8957,997233124
857418386451,85,371.8323,437.2872,865.285,8.951,135.2967,-10.9653,997233127
857418386452,85,371.8966,436.3606,865.5639,-136.0671,143.8197,166.3845,997233120
857418386453,85,371.544,436.834,865.7382,-2.1662,605.886,380.6828,997233127
857418386456,85,371.907,436.611,865.6336,-733.7841,213.6201,137.4324,997233127
857418386457,85,372.0283,436.7429,865.4074,96.0124,539.0235,-198.5322,997233127
857418386458,85,371.8789,437.0121,865.7809,21.9157,81.9804,-102.6011,997233127
857418386460,85,371.5148,436.5645,865.5605,-223.4823,585.8047,356.6059,997233127
857419418556,85,371.8135,437.1072,865.528,-334.7208,734.0151,221.9958,997233127
857419418567,85,372.237,436.5363,865.8205,-364.5327,508.1214,136.5878,997233124
857419418572,85,371.7578,436.9315,865.6239,236.5997,832.1308,51.9218,997233127
857419418573,85,371.663,436.6214,865.4642,263.665,278.8307,153.3308,997233127
857419418575,85,371.8788,436.9579,865.6184,-101.4009,683.9146,224.9346,997233127
857419418578,85,371.895,436.8339,865.6532,2.3078,1009.3911,-206.3019,997233127
857419418579,85,371.9966,437.1092,865.4524,-127.1887,383.9147,7.4903,997233127
857419418580,85,371.6253,436.8047,865.6744,265.615,794.039,10.3773,997233127
857419418583,85,371.9618,437.0353,865.5813,-41.2095,680.6711,141.5057,997233127
857419418584,85,371.832,436.5128,865.6534,-187.9247,724.1235,-18.7926,997233120
857419418586,85,371.9737,437.1485,865.3756,-201.9092,461.4261,-182.1512,997233127
857419418587,85,372.1844,437.1565,865.5356,93.9279,607.0399,-183.1052,997233124
857419418588,85,371.8168,436.7576,865.5585,282.193,-26.7695,95.6965,997233127
857419418589,85,371.7931,436.6823,865.7589,-502.1636,659.451,32.6779,997233127
857419418590,85,371.837,436.6625,865.7782,-292.9904,778.5992,16.4062,997233127
857419418591,85,371.8355,436.8138,865.6409,-33.2707,496.4472,83.2689,997233127
857419418592,85,371.9571,436.3491,865.6521,-195.8824,527.7828,-40.3271,997233120
857419418594,85,372.0741,436.9991,865.4739,-50.2038,444.4057,-46.6834,997233124
857419418595,85,372.0327,437.023,865.3817,16.3757,448.6855,-4.1204,997233127
857419418596,85,371.8679,436.5932,865.7518,-102.1867,186.0075,311.5695,997233127
857419418597,85,371.8835,436.6736,865.7238,-672.9814,289.4489,367.6406,997233127
857419418599,85,372.0417,436.5128,865.788,-314.8726,439.9787,243.5566,997233120
857419418600,85,371.9372,436.6042,865.8638,180.1201,406.643,25.8803,997233127
857419418602,85,372.0107,437.0237,865.4702,-164.902,441.9603,-37.876,997233127
857419418604,85,372.2259,436.7566,865.5643,-242.8206,512.8003,171.9192,997233124
857419418605,85,371.9159,436.6918,865.7215,-345.1171,459.4838,19.1551,997233127
857419418606,85,371.7552,436.6203,865.8569,-155.1398,539.9048,-98.9486,997233127
857419418607,85,371.8302,436.7038,865.761,-306.3349,658.1001,-52.3286,997233127
857419418608,85,371.7644,436.7402,865.6758,-43.0668,217.6835,54.6825,997233127
857419418610,85,371.9855,437.0102,865.4579,63.6269,396.5841,22.2783,997233127
857419418612,85,371.8825,436.682,865.8002,-405.4423,269.0194,233.1573,997233127
857419418613,85,371.9085,436.6948,865.731,-85.0983,402.1768,26.3469,997233127
857419418614,85,371.8327,436.7093,865.7948,-91.031,209.9587,-89.7763,997233127
857419418615,85,371.8676,436.718,865.7269,-203.9562,383.5666,89.4422,997233127
857419418616,85,371.8582,436.6923,865.7772,-398.8676,345.8849,-32.3875,997233127
857419418618,85,371.907,436.9992,865.481,-67.0991,334.863,-37.496,997233127
857419418620,85,371.8639,436.5694,865.8313,-200.5589,516.9664,141.4864,997233127
857419418621,85,371.8676,436.8691,865.6882,-411.6937,134.8681,269.984,997233127
857419418622,85,371.7156,436.5124,865.9088,-196.7102,311.5346,34.9306,997233120
857419418623,85,371.8297,436.6649,865.7527,-268.7483,530.6943,99.1584,997233127
857419418624,85,371.8292,436.6855,865.7678,-423.5088,606.724,113.5813,997233127
857419418626,85,371.9509,436.6311,865.3842,-146.7123,193.1055,215.173,997233127
857419418627,85,372.0517,437.124,865.3942,-126.5398,455.5307,-48.5518,997233127
857419418628,85,371.9051,436.799,865.6542,-540.9774,241.47,-177.5657,997233127
857419418629,85,371.8337,436.6637,865.8336,-384.5568,468.2472,159.6897,997233127
857419418630,85,371.8926,436.6837,865.7294,-311.9817,335.6258,-23.0291,997233127
857419418631,85,371.8638,436.6986,865.7567,-461.1836,503.3711,22.4632,997233127
857419418632,85,371.8568,436.6771,865.7523,-601.7026,417.8592,-153.5637,997233127
857419418635,85,371.9057,436.62,865.7913,-80.6795,863.0697,335.0603,997233127
857419418636,85,372.1896,436.621,865.7407,226.6034,487.2641,196.1208,997233124
857419418637,85,371.8932,436.7376,865.7975,-345.1139,734.644,25.3198,997233127
857419418638,85,371.9678,436.6064,865.8785,-207.7536,354.3457,165.5038,997233127
857419418639,85,371.8901,436.7198,865.7228,-500.8315,418.2796,79.8347,997233127
857419418640,85,371.8531,436.6728,865.6975,-335.5382,310.4254,302.1255,997233127
857419418643,85,372.0504,436.7913,865.5013,-248.3803,625.7216,-38.3544,997233127
857419418644,85,371.8557,436.79,865.4803,-394.1184,350.6464,197.9606,997233127
857419418645,85,372.0931,436.4595,865.7484,-219.5897,328.9886,-153.849,997233123
857419418646,85,371.9512,437.0453,865.377,-82.9641,523.5679,137.8436,997233127
857419418647,85,372.1392,436.7427,865.5461,-237.0926,299.8673,315.978,997233124
857419418648,85,372.2149,436.7185,865.3776,-89.5068,402.9543,144.2013,997233124
857419418652,85,372.0929,436.7711,865.8914,-9.8213,457.5693,-231.4729,997233124
857419418653,85,372.3459,436.6777,865.5457,-65.432,368.6694,187.932,997233124
857419418656,85,372.0429,436.7989,865.474,-179.8387,415.4022,271.0772,997233127
857419418661,85,371.9511,436.7929,866.0986,166.9699,394.9182,-80.6278,997233127
857419418662,85,371.7551,436.6745,865.7279,-67.8481,293.4503,107.7487,997233127
857419418663,85,372.067,436.8362,865.3817,-102.7863,426.2357,204.4074,997233127
857419418671,85,372.2203,436.5247,865.423,138.3963,311.0778,28.4691,997233124
857419418672,85,371.9065,436.8279,865.1563,-68.0595,454.6801,-43.0215,997233128
857419434969,85,371.9082,436.2559,865.5022,-188.4184,406.5353,-77.907,997233120
857419434977,85,372.0359,436.8293,865.3854,301.9843,277.8509,70.8328,997233127
857419434985,85,371.8696,436.699,865.7468,-410.4063,188.9155,513.8027,997233127
857419434986,85,371.8343,436.6091,865.8694,-367.3383,291.0804,236.5542,997233127
857419434993,85,371.8332,436.704,865.7647,-271.301,487.9237,73.5184,997233127
857419434994,85,371.8427,436.7207,865.7486,-47.9849,333.7282,268.6146,997233127
857419434995,85,371.7462,436.7429,865.5356,-23.6034,302.228,-101.5435,997233127
857419434996,85,371.8141,436.4731,865.7911,-144.4538,573.1129,-56.7782,997233120
857419435001,85,371.8929,436.6693,865.8487,-294.9084,419.2521,276.4529,997233127
857419435002,85,371.7865,436.7386,865.8146,-75.4875,498.0927,-293.617,997233127
857419435003,85,371.8286,436.6205,865.6373,80.6758,170.9444,126.3675,997233127
857419435004,85,371.9387,436.7443,865.6918,-348.3295,599.7783,238.0802,997233127
857419435005,85,371.8489,436.5508,865.8329,-174.661,639.5783,-33.0264,997233127
857419435009,85,371.8696,436.7278,865.8622,-228.1418,323.7998,-62.9535,997233127
857419435011,85,371.8939,436.5858,865.6962,-476.6859,430.1544,367.2852,997233127
857419435012,85,371.8988,436.6211,865.83,-8.9457,425.9409,80.5411,997233127
857419435013,85,371.7996,436.6723,865.7585,49.7649,402.88,-213.9843,997233127
857419435014,85,371.9337,437.0008,865.5684,-80.8219,133.6341,396.2734,997233127
857419435017,85,371.7935,436.6602,865.7148,-530.6835,283.7558,17.8975,997233127
857419435018,85,372.0141,436.4389,865.6555,-27.8507,152.7029,403.1725,997233120
857419435019,85,371.9899,436.8792,865.7161,-65.1773,466.0409,-96.6662,997233127
857419435020,85,372.0052,436.9708,865.7905,-49.1969,361.8061,-20.097,997233127
857419435021,85,371.8028,436.652,865.7228,-160.0757,623.3351,362.1915,997233127
857419435022,85,371.5293,436.9037,865.8709,-154.9441,536.8239,-85.7495,997233127
857419435027,85,371.9826,436.8498,865.7189,-163.3317,359.9255,-75.0341,997233127
857419435030,85,372.0068,437.0637,865.4562,223.9619,126.1095,171.7339,997233127
857419435031,85,371.8934,436.6241,865.2518,116.8749,535.6711,-32.0114,997233127
857419435033,85,372.151,436.7661,865.4494,-176.538,349.3477,215.4875,997233124
857419435034,85,372.1075,436.4852,865.5368,164.6355,121.9606,103.9979,997233123
857419435035,85,372.0385,437.0889,865.6074,98.6391,118.9228,-183.3944,997233127
857419435036,85,372.1576,436.8783,865.6777,28.8936,96.7583,-152.0173,997233124
857419435039,85,371.5675,436.5544,865.5173,-448.3216,260.8123,-85.5975,997233127
857419435042,85,371.7975,437.4001,865.3935,4.8071,280.9505,-29.6967,997233127
857419435043,85,372.1028,436.9861,865.7234,56.28,124.6733,-121.9888,997233124
857419435044,85,371.4937,436.5089,865.5637,-199.9421,579.4812,334.8054,997233120
857419435050,85,371.7236,436.8127,865.9072,150.6726,462.6423,435.1256,997233127
857420467125,85,372.0962,436.7766,865.6909,-197.7273,581.767,-512.9663,997233124
857420467133,85,371.9529,436.832,865.3254,-167.0821,841.6816,147.2368,997233127
857420467141,85,371.8133,436.3629,865.5624,-79.9919,835.2704,-13.3566,997233120
857420467147,85,372.1857,437.1618,865.5112,-4.9919,288.874,-28.6652,997233124
857420467148,85,372.0784,436.9164,865.3411,-136.2506,302.9746,-112.3805,997233124
857420467149,85,371.8604,437.0267,865.3672,-124.5535,349.1859,55.281,997233127
857420467151,85,371.9511,436.7443,865.5677,294.7313,493.7618,398.2415,997233127
857420467155,85,371.8767,437.0118,865.4561,24.7172,219.92,-111.0686,997233127
857420467156,85,371.84,437.0005,865.2791,-60.1138,345.256,19.1014,997233127
857420467157,85,371.7501,436.8475,865.7065,338.7858,787.082,21.6117,997233127
857420467159,85,371.8186,436.8606,865.6106,-168.823,-26.5327,156.8935,997233127
857420467160,85,372.0401,436.9923,865.6757,182.3499,471.6079,312.402,997233127
857420467162,85,371.8521,437.1872,865.266,-68.7309,624.3955,-276.8943,997233127
857420467163,85,372.1217,437.1649,865.3824,-7.551,416.9677,-136.2551,997233124
857420467164,85,371.9223,437.056,865.3246,-12.096,471.83,-127.8965,997233127
857420467165,85,371.9184,436.9546,865.8326,-314.5409,401.434,274.9293,997233127
857420467166,85,371.8527,436.7066,865.722,-202.8642,-70.7884,-148.8041,997233127
857420467167,85,371.8219,436.6208,865.8954,-185.1597,264.2052,322.8003,997233127
857420467169,85,371.8475,437.3068,865.381,-76.5527,566.4415,-101.9611,997233127
857420467170,85,372.0419,437.0135,865.465,46.7864,280.1914,-101.8529,997233127
857420467171,85,372.0291,437.336,865.3028,-6.8365,575.6541,-174.254,997233127
857420467172,85,371.8836,437.2314,865.2796,-92.3558,510.4182,-228.6792,997233127
857420467173,85,371.8657,436.5482,865.8605,7.1908,342.3321,-27.9013,997233127
857420467174,85,371.8105,436.7219,865.8033,-187.9002,289.6883,-41.2531,997233127
857420467175,85,371.8257,436.7251,865.7787,12.8083,-6.3027,145.179,997233127
857420467176,85,371.916,436.7238,865.741,-61.1813,546.5782,150.3506,997233127
857420467177,85,372.0552,437.0443,865.4372,79.8457,298.6973,0.9502,997233127
857420467178,85,372.0147,437.0299,865.4511,-55.466,382.099,-127.4339,997233127
857420467179,85,372.0337,437.0539,865.4407,-2.8255,321.9501,2.1971,997233127
857420467180,85,371.9369,437.3131,865.3036,-9.0045,562.31,-163.0276,997233127
857420467181,85,371.8871,436.7035,865.7325,-395.8299,523.1252,122.2166,997233127
857420467182,85,371.8058,436.5179,865.91,-157.5638,283.1385,-4.6418,997233120
857420467183,85,371.8575,436.7112,865.7612,-197.7514,539.3594,60.0907,997233127
857420467184,85,371.8275,436.7026,865.7603,-369.1092,278.7802,130.5936,997233127
857420467185,85,372.0685,437.1021,865.6189,70.4198,714.951,-15.4547,997233127
857420467186,85,371.9475,436.8263,865.5613,-219.0497,220.1541,180.1795,997233127
857420467187,85,371.9684,437.1684,865.3737,-149.1931,435.7465,-70.3727,997233127
857420467188,85,371.9546,437.1781,865.3207,8.9407,462.3631,-155.0467,997233127
857420467189,85,371.9062,436.6923,865.7388,-330.6062,557.3494,52.0341,997233127
857420467190,85,371.9056,436.6864,865.7236,-225.6451,545.575,40.9623,997233127
857420467191,85,371.8538,436.7116,865.7619,-355.5109,354.9916,-3.0496,997233127
857420467192,85,371.8606,436.7124,865.77,-226.6163,462.7014,-11.1042,997233127
857420467194,85,372.0051,437.0277,865.447,-137.1421,422.1725,-61.8696,997233127
857420467195,85,372.0119,437.2291,865.3827,5.2391,707.7978,-263.3065,997233127
857420467196,85,371.9599,436.6601,865.8019,-197.0556,537.0582,-167.7057,997233127
857420467197,85,371.8416,436.6962,865.762,-5.4166,309.7624,-162.8631,997233127
857420467198,85,371.8757,436.6981,865.7416,21.0342,198.056,33.0063,997233127
857420467199,85,371.8459,436.6876,865.7501,-327.0824,502.057,142.2363,997233127
857420467200,85,371.8396,436.694,865.7648,-320.2176,467.5218,56.3218,997233127
857420467202,85,371.9358,437.1129,865.4148,-73.5548,408.0393,-125.4488,997233127
857420467203,85,371.8871,437.1501,865.3547,73.9071,407.1819,-27.2981,997233127
857420467204,85,372.2466,436.7222,865.6384,-264.7036,481.3594,66.6069,997233124
857420467205,85,371.8568,436.6867,865.7554,-27.934,380.0659,-128.6399,997233127
857420467206,85,371.947,436.7078,865.7916,-378.1864,286.0586,184.5793,997233127
857420467207,85,371.8458,436.7321,865.7675,-459.5422,396.5059,139.5064,997233127
857420467208,85,371.8778,436.7148,865.6833,-104.3088,379.4633,22.8846,997233127
857420467210,85,372.0544,437.2972,865.2726,-9.9873,547.0828,-205.07,997233127
857420467211,85,371.8813,437.2338,865.4886,-79.0848,318.6402,-127.9042,997233127
857420467212,85,372.1208,436.7956,865.5004,-217.6156,457.6905,324.8829,997233124
857420467213,85,371.8641,436.718,865.7337,-134.1034,146.547,143.2832,997233127
857420467214,85,371.8533,436.6674,865.7638,-97.8696,480.3307,99.5895,997233127
857420467215,85,371.847,436.6974,865.7859,-15.7531,197.5567,-230.0793,997233127
857420467216,85,371.8874,436.8216,865.7878,-165.4496,571.5347,-222.602,997233127
857420467218,85,371.9951,437.146,865.5101,-1.0971,859.1097,-108.1534,997233127
857420467219,85,371.9638,436.6575,865.6208,-178.5003,537.6668,382.346,997233127
857420467220,85,371.8012,436.7029,865.7451,111.0282,446.9769,-146.299,997233127
857420467221,85,372.0699,436.6869,865.6486,-414.7784,280.8485,86.9605,997233127
857420467222,85,371.8191,436.5969,865.6986,-113.6011,221.4837,123.3158,997233127
857420467223,85,372.0726,436.7932,865.7446,-161.7994,490.657,487.8481,997233124
857420467227,85,371.7931,436.8587,865.4669,-288.6432,413.2402,215.7811,997233127
857420467228,85,371.7468,436.7885,865.5209,-243.0387,515.5383,190.0066,997233127
857420467229,85,371.9786,436.8022,865.5703,-248.228,318.1383,372.8412,997233127
857420467230,85,371.9673,436.8295,865.4763,-149.1956,380.7572,282.7699,997233127
857420467231,85,371.9903,436.8625,865.3666,-133.7937,460.0959,203.1082,997233127
857420467237,85,372.0097,436.7214,865.3362,18.5677,417.4678,-300.1643,997233127
857420467238,85,372.0383,436.8322,865.3508,-137.5939,467.7848,174.4583,997233127
857420467239,85,371.9991,436.8724,865.4099,-118.3723,483.0484,213.379,997233127
857420467240,85,372.0233,436.836,865.4365,-78.3455,491.8348,235.7776,997233127
857420467247,85,372.1507,436.6437,865.3497,-73.6799,392.0699,187.5142,997233124
857420467248,85,372.1472,436.7544,865.4657,-142.3857,455.2049,221.9387,997233124
857420483545,85,371.9606,436.8075,865.7489,-368.1167,430.9302,359.7576,997233127
857420483553,85,372.0536,436.7018,865.9198,-125.821,475.581,-42.687,997233127
857420483554,85,371.9295,436.805,865.803,-38.7202,262.4662,370.8199,997233127
857420483561,85,371.9174,436.7577,865.6945,-266.1443,569.8653,-4.9179,997233127
857420483562,85,372.0132,436.7595,865.7237,-341.7675,583.9609,-45.6058,997233127
857420483563,85,371.9354,436.8502,865.6335,-265.96,392.5957,179.2679,997233127
857420483569,85,371.8693,436.7097,865.7573,-231.9654,489.9107,-208.5046,997233127
857420483570,85,371.8566,436.6723,865.7879,111.3101,445.7563,-264.4181,997233127
857420483571,85,371.6923,436.7361,865.843,-78.6852,213.0987,-63.4945,997233127
857420483577,85,371.8844,436.6783,865.7611,-407.4215,468.8636,388.3831,997233127
857420483578,85,371.4717,436.6942,865.7021,-187.264,359.5275,-0.6225,997233127
857420483579,85,371.9494,436.8433,865.664,-324.2323,388.9977,347.355,997233127
857420483580,85,372.1911,436.5888,865.8401,-75.4776,384.5573,398.4381,997233124
857420483581,85,371.8319,436.5342,865.9267,-158.0018,562.0811,31.0467,997233127
857420483585,85,371.8511,436.6904,865.7903,-606.7526,417.9626,177.0492,997233127
857420483586,85,371.9856,436.7977,865.5789,-282.0178,505.9821,312.5755,997233127
857420483587,85,372.267,436.5526,865.7524,21.0175,479.8243,185.4661,997233124
857420483588,85,371.8523,436.7686,865.7418,-247.0242,-69.4431,-91.1692,997233127
857420483589,85,372.2834,436.6279,865.8255,-192.8541,212.9603,210.6508,997233124
857420483590,85,371.9949,437.1653,865.4432,-115.166,246.8429,261.1178,997233127
857420483593,85,371.7959,436.7475,865.7928,-239.0411,252.7406,214.1036,997233127
857420483594,85,371.7362,436.6654,865.9358,-172.8519,317.5887,55.1077,997233127
857420483596,85,371.8149,436.7568,865.7227,-360.7043,319.9775,342.1346,997233127
857420483597,85,371.8501,436.7809,865.769,-200.8358,38.3713,-13.7865,997233127
857420483598,85,371.3849,436.6945,865.8677,-198.1873,339.1897,12.416,997233127
857420483601,85,372.0268,436.9217,865.6767,-175.6938,149.2486,-9.4252,997233127
857420483602,85,371.7009,436.6229,865.6823,-142.5249,119.3463,252.7218,997233127
857420483603,85,371.9235,436.7509,865.7714,-83.1637,555.9066,-141.0146,997233127
857420483604,85,372.1424,436.5964,865.7722,-80.1931,653.0632,169.0266,997233124
857420483605,85,371.9033,436.6263,865.7228,15.8068,770.8989,197.8004,997233127
857420483609,85,372.2791,436.7261,865.3898,-94.6549,321.5435,216.0981,997233124
857420483610,85,372.1259,436.5356,865.8637,-95.5834,183.0207,357.7355,997233124
857420483611,85,372.149,436.5782,865.8364,-31.0196,542.8326,183.8506,997233124
857420483612,85,371.9695,436.7682,865.7651,86.5832,455.7254,267.7571,997233127
857420483613,85,371.6014,436.5826,865.7329,-262.5294,338.5706,-53.2155,997233127
857420483617,85,371.9004,436.7864,865.172,-80.7917,445.9781,-110.7476,997233128
857420483625,85,372.1447,436.7782,865.3741,-149.7682,371.8602,153.3482,997233124
857420483626,85,372.1004,436.5835,865.5762,70.373,100.5044,364.9973,997233124
857420483627,85,372.1184,436.7593,865.6141,-152.3878,76.4558,-179.4138,997233124
857420483631,85,372.1276,436.7098,865.3716,-520.4526,135.1209,151.1516,997233124
857421515709,85,372.0074,436.9169,865.3716,-292.8931,852.9513,79.7435,997233127
857421515710,85,372.0708,436.94,865.5711,-122.0738,141.6704,-446.8781,997233124
857421515724,85,371.9983,437.1507,865.4303,-69.4672,184.8317,3.0377,997233127
857421515725,85,371.8013,437.023,865.347,-55.9609,342.5003,15.0479,997233127
857421515727,85,371.9265,436.5703,865.5886,-314.2571,354.8527,-227.799,997233127
857421515731,85,372.076,436.8207,865.4009,253.0048,372.8397,-302.803,997233124
857421515735,85,371.8756,436.6825,865.8059,-576.1152,354.6417,307.1795,997233127
857421515736,85,371.8476,437.0752,865.5652,170.532,340.0835,291.8461,997233127
857421515738,85,372.0947,437.1943,865.588,-51.7438,480.8434,-44.0018,997233124
857421515739,85,372.0595,437.2123,865.4553,-127.591,476.6118,-235.7342,997233127
857421515740,85,371.9484,437.1859,865.3817,90.6385,672.8009,-178.961,997233127
857421515742,85,372.0045,436.748,865.5204,-84.6186,619.5917,398.258,997233127
857421515744,85,371.9162,436.803,865.7949,-544.9562,402.3892,257.7698,997233127
857421515745,85,371.9194,437.25,865.4043,-51.1913,516.3044,-168.5266,997233127
857421515746,85,371.9623,436.9859,865.4752,-117.7965,379.0006,-21.8004,997233127
857421515747,85,371.9953,437.0298,865.449,-27.7703,419.0392,-32.7764,997233127
857421515748,85,371.922,437.0468,865.5251,-132.9325,363.3549,2.5734,997233127
857421515749,85,371.9419,436.9189,865.5336,-153.8322,233.7605,212.6409,997233127
857421515750,85,371.9013,436.7468,865.7191,-488.3395,149.5123,-248.279,997233127
857421515751,85,371.9759,436.6861,865.689,-402.5709,441.8623,427.2825,997233127
857421515752,85,371.9031,436.8337,865.797,-253.5809,69.3398,391.6052,997233127
857421515753,85,371.958,436.9549,865.5516,-69.2562,256.7407,57.8802,997233127
857421515754,85,372.0099,437.0312,865.4677,-92.5387,401.7052,-101.2057,997233127
857421515755,85,372.0167,437.0259,865.4642,-106.7416,355.4335,-69.7923,997233127
857421515756,85,372.0095,437.0276,865.4569,-44.5741,385.4474,-31.7908,997233127
857421515757,85,371.8493,436.7001,865.7506,-109.7126,237.1157,-177.4763,997233127
857421515758,85,371.8301,436.6443,865.7554,-248.5826,12.4699,274.2438,997233127
857421515759,85,371.8181,436.7372,865.7531,-320.6687,480.0937,82.9973,997233127
857421515760,85,371.9132,436.727,865.7623,-455.4598,442.7601,285.7799,997233127
857421515761,85,371.9712,437.0167,865.4607,81.0085,331.4488,-27.0288,997233127
857421515762,85,372.0774,437.1347,865.4165,12.2565,394.1723,-72.6137,997233124
857421515763,85,371.9106,437.0389,865.5076,-21.842,273.8859,-11.126,997233127
857421515764,85,372.0255,437.0108,865.4619,-92.2555,426.4292,-173.4395,997233127
857421515765,85,371.7989,436.7281,865.7993,-551.57,510.1661,253.9674,997233127
857421515766,85,371.9107,436.8277,865.836,-387.8766,201.5588,329.1334,997233127
857421515767,85,371.8522,436.7109,865.7384,-453.2384,391.2582,140.6591,997233127
857421515768,85,371.8757,436.7028,865.7637,-368.4619,296.6565,61.8187,997233127
857421515769,85,372.0363,436.58,865.3066,-128.9217,226.0828,166.277,997233127
857421515771,85,372.0447,437.0349,865.4734,-29.4224,503.2827,-19.782,997233127
857421515772,85,371.9274,436.9164,865.5178,-41.0986,356.4236,68.6846,997233127
857421515773,85,371.7321,436.5869,865.861,-254.4293,96.3673,39.0559,997233127
857421515774,85,371.6726,436.6733,865.7311,-125.727,267.4546,371.783,997233127
857421515775,85,371.8365,436.7079,865.7603,-348.2993,235.6541,277.2399,997233127
857421515776,85,371.8552,436.6973,865.746,-291.6712,474.4143,-14.1548,997233127
857421515778,85,372.1015,437.3357,865.2563,11.8174,617.2819,-273.5027,997233124
857421515779,85,372.2791,437.0612,865.6231,160.9172,509.33,-33.6667,997233124
857421515780,85,371.8971,436.7982,865.6677,-536.3638,212.9503,276.3302,997233127
857421515781,85,371.7287,436.5519,865.8502,-205.1252,351.4037,201.0406,997233127
857421515782,85,371.835,436.7407,865.7266,-154.7641,177.4523,211.1089,997233127
857421515783,85,371.8601,436.7067,865.7688,-452.7549,582.7234,205.9235,997233127
857421515784,85,371.8521,436.7074,865.7508,-340.9892,377.9814,157.5972,997233127
857421515786,85,371.9832,437.3513,865.3555,-74.3971,631.1749,-250.2772,997233127
857421515787,85,372.0008,437.0904,865.4166,-206.4031,483.7657,-146.5428,997233127
857421515789,85,371.8753,436.724,865.7831,-349.0754,573.7979,342.0451,997233127
857421515790,85,371.8234,436.6829,865.7107,-265.5283,417.7593,115.1229,997233127
857421515791,85,371.8319,436.7014,865.717,-112.2687,662.29,373.8937,997233127
857421515792,85,371.8595,436.6849,865.8277,-596.9296,377.1115,139.285,997233127
857421515794,85,371.9697,437.2373,865.3423,84.0007,464.7063,-121.6245,997233127
857421515795,85,372.0365,436.7036,865.6785,-114.1706,-81.2042,204.0675,997233127
857421515797,85,371.8581,436.6373,865.7483,-401.5374,602.2646,174.2503,997233127
857421515798,85,371.9177,436.5694,865.792,-347.5828,505.4982,77.1552,997233127
857421515799,85,371.9254,436.7868,865.7841,-273.6488,265.1703,148.8066,997233127
857421515800,85,371.8589,436.6655,865.8637,-311.0198,314.3346,-0.8931,997233127
857421515804,85,371.8188,436.8972,865.7386,-41.634,185.4357,387.3061,997233127
857421515805,85,372.0095,436.4888,865.4998,94.8154,96.3449,-35.7092,997233120
857421515806,85,371.7784,436.6906,865.7234,-456.5589,472.3195,-18.4345,997233127
857421515807,85,372.0474,436.5999,865.3321,54.7882,460.8317,283.4563,997233127
857421515811,85,372.0157,436.6541,865.5687,80.777,612.8204,-295.0338,997233127
857421515812,85,372.1955,436.4592,865.8239,-191.2875,332.5257,-81.8544,997233123
857421515815,85,371.8938,436.9243,865.5052,-46.8812,354.3291,353.3758,997233127
857421515821,85,372.0585,436.7164,866.0421,218.9355,369.9115,-73.995,997233127
857421515823,85,371.8441,436.9684,865.3344,-142.9221,622.9963,17.925,997233127
857421515824,85,372.056,436.7814,865.3032,-46.4112,462.437,150.4258,997233127
857421532121,85,371.8282,436.6304,865.7678,-134.8714,178.5404,-209.2311,997233127
857421532129,85,371.8299,436.6348,865.8056,19.184,553.9641,-189.9442,997233127
857421532130,85,371.9398,436.8976,865.7188,-185.8975,237.509,186.0058,997233127
857421532137,85,371.8748,436.6616,865.7582,-90.694,301.2216,-116.1791,997233127
857421532138,85,372.1105,436.6571,865.7292,61.5194,381.6523,475.1468,997233124
857421532145,85,371.8518,436.7092,865.7794,-437.2259,402.4594,51.1988,997233127
857421532146,85,371.6263,436.5127,865.8204,-140.3321,350.2638,152.723,997233120
857421532147,85,371.8297,436.7199,865.7624,-249.144,342.3273,-187.7021,997233127
857421532148,85,371.9116,437.1096,865.3356,-16.5716,344.6084,301.5045,997233127
857421532153,85,371.8533,436.6941,865.765,-105.0703,252.891,279.9715,997233127
857421532154,85,371.8734,436.7015,865.592,-367.5657,422.2134,-86.0868,997233127
857421532155,85,372.1447,436.4867,865.7173,-129.194,319.1368,170.9473,997233123
857421532156,85,372.1623,436.5673,865.5181,-42.5875,333.1985,376.4459,997233124
857421532157,85,371.5602,436.7333,865.9794,-214.4656,481.0759,-14.4904,997233127
857421532161,85,371.8155,436.7586,865.7166,-179.7772,235.8751,106.0064,997233127
857421532162,85,371.86,436.7272,865.7347,-198.4511,546.7542,191.297,997233127
857421532163,85,371.813,436.6612,865.6961,-46.1926,323.3976,189.6166,997233127
857421532164,85,371.9664,436.635,865.7845,-40.0829,319.5353,-31.4002,997233127
857421532165,85,372.0732,436.7656,865.8281,-415.8723,348.2917,210.0029,997233124
857421532166,85,372.039,436.7749,865.4922,-257.9219,226.0924,416.1226,997233127
857421532169,85,371.814,436.6109,865.638,-136.0865,416.4318,280.0278,997233127
857421532170,85,372.1615,436.5635,865.8663,-24.3737,317.6614,331.6039,997233124
857421532171,85,371.8461,436.6888,865.6628,-108.1647,655.9622,-223.2214,997233127
857421532172,85,371.8421,436.6278,865.7535,-209.3777,378.2025,-78.1115,997233127
857421532173,85,372.1302,436.7503,865.8332,-249.0384,360.821,121.2886,997233124
857421532174,85,371.8806,436.7016,865.7742,-275.4739,3.1405,154.6904,997233127
857421532178,85,371.8391,436.6992,865.7699,-161.1995,412.1415,94.1043,997233127
857421532179,85,371.8317,436.7189,865.738,-376.5037,202.4837,264.4884,997233127
857421532180,85,371.7766,436.627,865.764,-42.3494,455.4176,295.0085,997233127
857421532181,85,371.8746,436.7017,865.6972,135.8118,414.66,-148.1243,997233127
857421532182,85,371.9546,436.7627,865.7469,-126.0499,773.1727,311.4247,997233127
857421532185,85,371.8594,436.7334,865.8109,-164.0293,403.382,143.1467,997233127
857421532186,85,371.9724,436.9462,865.6841,-203.7199,343.1089,-39.4199,997233127
857421532187,85,372.0418,436.8308,865.7723,-368.3846,259.3018,79.1956,997233127
857421532188,85,372.1659,436.6282,865.9287,-209.7771,293.2743,323.415,997233124
857421532189,85,372.2072,436.7226,865.8466,-130.8305,364.6406,375.6119,997233124
857421532190,85,371.8541,436.7419,865.8598,98.8022,421.1539,-93.1773,997233127
857421532193,85,371.9115,436.6893,865.5339,-126.6602,244.2932,-479.6378,997233127
857421532194,85,371.9334,436.7206,865.8224,-550.2964,448.9541,111.2836,997233127
857421532195,85,371.8841,436.7018,865.5983,117.0753,89.0737,425.2374,997233127
857421532196,85,371.6259,436.6324,865.9,-101.5419,319.9345,-94.4686,997233127
857421532197,85,371.8965,436.6328,865.8274,-456.9934,375.2085,-113.4719,997233127
857421532202,85,371.8889,436.5858,865.3198,-31.955,29.228,186.611,997233127
857421532203,85,372.1609,436.6625,865.7089,-116.825,491.8682,23.0076,997233124
857421532207,85,371.6981,436.5835,865.6218,-348.6797,-114.8999,14.747,997233127
857421532210,85,372.069,436.6873,865.8865,159.5347,84.289,-15.1981,997233127
857421532211,85,372.0748,436.5747,865.3667,-29.5041,280.7851,-197.4382,997233124
857421532212,85,372.0219,436.7615,865.3964,-161.8802,306.8104,-202.2207,997233127
857421532214,85,371.9837,436.7698,865.3781,-487.0007,69.8263,232.9286,997233127
857422564294,85,371.9596,436.7777,865.4155,-131.9417,217.924,-478.886,997233127
857422564300,85,372.0632,436.6784,865.5853,-294.6126,948.4344,-105.9096,997233127
857422564302,85,371.644,436.4981,865.6364,182.1923,246.0781,257.5545,997233120
857422564303,85,371.7338,436.8633,865.7184,217.7817,327.5607,360.1087,997233127
857422564308,85,372.0224,436.8667,865.3649,-181.9937,258.3569,47.3633,997233127
857422564309,85,372.0657,437.0764,865.4333,-48.3264,367.3396,-234.1572,997233127
857422564311,85,371.9767,436.5964,865.8543,-132.5878,261.9659,205.5114,997233127
857422564314,85,372.1909,436.5864,865.41,26.9392,241.2944,51.0712,997233124
857422564315,85,372.01,437.2612,865.2892,31.4213,638.363,-159.468,997233127
857422564317,85,371.9225,437.1779,865.2894,75.9761,594.9044,-107.3485,997233127
857422564318,85,371.9472,436.6974,865.694,-332.2955,313.5895,56.6662,997233127
857422564319,85,372.0264,436.9771,865.6295,-395.6514,269.0725,216.9795,997233127
857422564320,85,371.8532,436.7163,865.5402,19.0702,474.8627,398.4087,997233127
857422564321,85,372.0299,437.1859,865.4612,-14.3412,380.3096,-65.3081,997233127
857422564322,85,372.028,437.0227,865.4601,-175.7484,376.5646,-80.2701,997233127
857422564323,85,372.0816,437.0831,865.4256,-75.0326,438.2575,-78.4364,997233124
857422564324,85,372.0333,437.0635,865.442,-70.6785,384.5744,-65.7887,997233127
857422564325,85,372.0958,437.0482,865.303,-125.7984,301.073,21.7665,997233124
857422564326,85,371.9007,436.6719,865.8182,-174.4951,436.1898,-56.2829,997233127
857422564327,85,371.8424,436.7213,865.745,27.3487,469.4246,48.3526,997233127
857422564328,85,371.9202,436.7809,865.6527,53.8805,685.7274,106.1894,997233127
857422564329,85,372.1221,437.2558,865.398,73.8338,560.1456,-260.6458,997233124
857422564330,85,372.0082,437.0342,865.4445,-25.1158,383.0912,-46.7428,997233127
857422564331,85,372.0194,437.0048,865.3895,84.5455,376.7703,-143.0051,997233127
857422564332,85,372.0753,437.0542,865.3984,-12.3759,315.7814,-163.4636,997233124
857422564333,85,372.1048,437.229,865.3104,53.493,565.1901,-217.5087,997233124
857422564334,85,372.2672,436.6049,865.7504,105.8567,524.7227,150.4119,997233124
857422564335,85,371.8392,436.6719,865.7252,-480.1108,546.9801,348.6913,997233127
857422564336,85,371.8695,436.7291,865.7255,-193.4401,281.373,218.3174,997233127
857422564338,85,372.0325,437.0582,865.537,-0.3659,348.3647,52.217,997233127
857422564339,85,372.0869,437.1115,865.3552,62.1587,389.1353,-151.1339,997233124
857422564340,85,372.0244,437.0112,865.4479,-85.1789,318.0906,-24.4239,997233127
857422564341,85,371.7883,436.691,865.8109,-246.1007,431.9868,22.9985,997233127
857422564342,85,371.8282,436.7046,865.811,-205.4825,324.0163,115.4028,997233127
857422564343,85,371.9442,436.7443,865.7379,-408.1146,384.9023,244.6715,997233127
857422564344,85,371.7853,436.6988,865.7476,-416.8812,642.8455,340.1332,997233127
857422564346,85,372.0126,437.0379,865.4765,-84.5089,379.3585,-92.396,997233127
857422564347,85,372.019,437.021,865.4224,-52.1736,363.2498,-34.176,997233127
857422564348,85,371.832,437.3683,865.3929,-65.2438,634.9985,-142.9493,997233127
857422564349,85,372.2419,436.7927,865.6737,-222.6972,431.8835,29.0292,997233124
857422564350,85,371.9931,436.8265,865.7173,-438.1441,166.7072,276.4523,997233127
857422564351,85,371.8738,436.6301,865.7231,-350.7603,464.5622,-26.3751,997233127
857422564352,85,371.7746,436.5126,865.7756,-25.1363,105.5239,-56.9897,997233120
857422564354,85,372.0025,437.2573,865.3957,60.5498,583.8619,-103.762,997233127
857422564355,85,371.9295,437.4006,865.345,-56.2793,646.6624,-183.7398,997233127
857422564356,85,371.8131,436.696,865.7646,-4.9278,44.524,43.2252,997233127
857422564357,85,372.0509,436.6843,865.894,-85.7814,571.549,493.8374,997233127
857422564358,85,371.9008,436.6063,865.7967,175.2347,333.6987,165.5368,997233127
857422564359,85,371.8245,436.7316,865.757,-151.1413,269.1959,260.0717,997233127
857422564360,85,371.8946,436.7274,865.7695,-300.6507,508.9012,34.5964,997233127
857422564362,85,371.9833,437.0063,865.4434,-100.2973,504.6181,-13.2893,997233127
857422564363,85,372.0782,437.2304,865.517,35.7417,644.7535,-201.1074,997233124
857422564364,85,371.9374,436.6566,865.855,-281.8858,498.9444,506.0019,997233127
857422564365,85,371.8448,436.5402,865.657,-214.5278,435.1397,221.7242,997233127
857422564366,85,371.9492,436.7757,865.7572,-275.6418,472.9901,3.2209,997233127
857422564367,85,371.8663,436.711,865.7468,-668.731,593.5476,87.3493,997233127
857422564368,85,371.8405,436.6666,865.7342,-117.4398,760.053,-235.7624,997233127
857422564370,85,371.9286,436.889,865.5987,-428.647,843.8581,-310.3001,997233127
857422564371,85,371.7927,436.971,865.5059,118.4975,379.543,260.4742,997233127
857422564372,85,371.9275,436.644,865.6353,-298.0012,628.6147,245.0772,997233127
857422564373,85,371.9544,436.7465,865.7383,-191.6192,105.5596,254.2039,997233127
857422564374,85,371.8378,436.6724,865.7166,-443.4835,287.0261,211.3724,997233127
857422564375,85,371.894,436.6809,865.7835,-265.0294,272.6842,-97.8738,997233127
857422564376,85,371.8813,436.6994,865.7859,-42.1028,279.3175,-150.5515,997233127
857422564379,85,372.0987,436.7461,865.7578,43.7983,21.9144,175.9863,997233124
857422564380,85,371.9867,436.8849,865.6702,-106.1399,4.0403,310.6884,997233127
857422564381,85,371.9222,436.54,865.7341,-163.6084,115.4298,-93.3463,997233127
857422564382,85,371.9802,436.8098,865.7859,-331.7443,65.6759,-11.6887,997233127
857422564383,85,371.8997,436.7216,865.7531,-92.7853,341.1281,378.7495,997233127
857422564384,85,372.0969,436.6992,865.6873,-402.2433,393.7235,200.7398,997233124
857422564387,85,371.8026,436.7725,865.8307,-45.3706,85.2545,367.978,997233127
857422564388,85,371.7725,436.7428,865.8383,-22.9707,76.142,342.1242,997233127
857422564389,85,371.7158,436.757,865.7032,67.2891,204.2561,341.3228,997233127
857422564390,85,371.9813,436.586,865.4716,-60.7182,-26.6295,4.7386,997233127
857422564391,85,371.8974,436.5299,865.8135,-350.7994,449.6005,291.0308,997233127
857422564392,85,371.9322,436.7039,865.9167,-220.5779,588.7807,210.1471,997233127
857422564397,85,372.0084,436.7726,866.0483,205.8938,482.2672,134.5103,997233127
857422564399,85,371.7994,436.8862,865.7335,118.2835,74.5012,-343.7717,997233127
857422564400,85,371.9285,436.7241,865.4633,-119.5797,609.9268,-77.2129,997233127
857422580705,85,371.9099,436.6863,865.6342,-54.308,499.6472,1.2484,997233127
857422580713,85,371.8273,436.7084,865.7565,-361.3919,385.0512,-139.4062,997233127
857422580714,85,371.8564,436.8025,865.6582,-403.7673,300.6554,-131.6368,997233127
857422580721,85,372.0419,436.5514,865.5803,-252.0469,435.7738,124.394,997233127
857422580722,85,371.906,436.6989,865.7593,-410.3323,540.3591,229.5982,997233127
857422580723,85,371.8057,436.7682,865.67,-329.7963,555.9443,216.924,997233127
857422580729,85,371.9476,436.7972,865.6489,-453.8116,560.4063,-69.0621,997233127
857422580730,85,371.8105,436.7363,865.7789,-230.2317,508.7486,295.0598,997233127
857422580731,85,371.8976,436.6929,865.7431,-609.3304,684.3809,256.4675,997233127
857422580732,85,372.0559,436.5701,865.903,-100.5746,575.4124,180.7667,997233127
857422580733,85,372.0914,436.8245,865.4736,-216.6764,263.0931,407.6727,997233124
857422580737,85,371.8244,436.726,865.8675,-335.4754,531.5187,259.2548,997233127
857422580738,85,371.8243,436.7049,865.7475,-637.405,242.1387,334.3748,997233127
857422580739,85,371.8052,436.7083,865.8459,-213.5176,374.3112,26.4577,997233127
857422580740,85,371.8718,436.7438,865.7109,-378.7607,468.2954,118.8559,997233127
857422580741,85,371.7368,436.6015,865.7313,-224.649,300.4205,116.0531,997233127
857422580742,85,372.0331,436.6601,865.6181,415.7055,529.0787,-111.7666,997233127
857422580745,85,372.0712,436.6429,865.5491,-134.7375,517.1567,20.8029,997233124
857422580746,85,371.887,436.7331,865.7232,-220.0087,311.5746,320.3484,997233127
857422580747,85,371.8362,436.7611,865.5948,-380.4438,512.312,256.2328,997233127
857422580748,85,371.8707,436.6792,865.732,-122.9847,354.4041,53.5921,997233127
857422580749,85,372.0893,436.6921,865.632,300.5473,218.2018,230.4747,997233124
857422580750,85,371.9152,436.8145,865.6318,-209.3982,470.0763,-199.2838,997233127
857422580753,85,371.8355,436.6906,865.7647,-390.633,606.7241,102.2124,997233127
857422580754,85,371.8893,436.6913,865.7678,11.3733,294.8424,-2.8784,997233127
857422580755,85,371.8703,436.7104,865.7482,-404.9082,541.6787,-55.9802,997233127
857422580756,85,371.8973,436.6487,865.8099,-187.6815,524.3687,-55.4543,997233127
857422580757,85,372.1318,436.6176,865.5231,138.6402,219.3934,358.6441,997233124
857422580758,85,371.5508,436.6606,865.7209,-279.3999,316.4247,59.1236,997233127
857422580761,85,371.8597,436.6904,865.7519,-325.3753,-48.9847,95.2917,997233127
857422580762,85,371.8679,436.6938,865.7405,-126.2263,221.9052,-308.7325,997233127
857422580763,85,371.863,436.7487,865.7319,-150.5902,217.3239,182.8656,997233127
857422580764,85,371.979,436.7185,865.7629,-89.7745,543.0189,-90.2723,997233127
857422580765,85,372.1852,436.7524,865.7083,-59.3461,479.1195,401.9903,997233124
857422580766,85,371.6628,436.5967,865.7491,-367.823,200.9708,-210.2652,997233127
857422580769,85,372.2258,436.7542,865.8339,-201.7761,451.9396,243.3282,997233124
857422580770,85,371.8869,436.6959,865.8011,-370.1848,708.749,95.0232,997233127
857422580771,85,371.7834,436.6357,865.8729,-247.552,388.113,124.095,997233127
857422580772,85,371.6424,436.7947,865.7619,-14.1314,362.3414,67.7304,997233127
857422580773,85,371.9489,436.6667,865.9306,-426.0692,315.3625,118.9062,997233127
857422580774,85,372.1706,436.9366,865.5895,-250.0021,312.0285,370.8787,997233124
857422580777,85,371.8551,436.6809,865.5876,-375.6253,216.6797,142.8501,997233127
857422580778,85,371.781,436.6969,865.6092,-410.8045,334.3039,176.1329,997233127
857422580779,85,371.9357,436.6993,865.8391,-156.6935,478.8803,-295.8072,997233127
857422580785,85,371.938,436.747,865.8648,277.3367,11.9495,133.7229,997233127
857422580786,85,372.0479,436.8401,865.6555,23.7775,899.3696,153.373,997233127
857422580797,85,371.5312,436.7649,865.7443,-182.9093,-76.3249,-217.8487,997233127
857423612884,85,371.9987,436.8177,865.5874,-335.2089,1006.1323,-3.6061,997233127
857423612885,85,371.6688,436.8581,865.3552,-3.8778,206.4848,116.5757,997233127
857423612886,85,371.7483,436.5116,865.611,315.939,227.4743,163.3511,997233120
857423612887,85,372.2419,436.6341,865.629,-243.4378,234.0198,-57.4825,997233124
857423612892,85,371.9354,436.9709,865.4438,-63.5305,374.3031,-3.1948,997233127
857423612893,85,371.8757,436.8332,865.325,-127.5069,198.8299,140.3012,997233127
857423612895,85,371.9622,436.7292,865.8145,-338.0177,732.0638,10.7008,997233127
857423612896,85,371.8737,436.6677,865.6924,130.5059,296.179,-93.5226,997233127
857423612898,85,371.9594,437.0677,865.4556,-10.2584,457.5272,-110.0902,997233127
857423612899,85,372.0165,437.134,865.3599,146.5726,627.9354,-221.8444,997233127
857423612900,85,371.9241,436.8674,865.5889,-229.6391,286.1142,237.1523,997233127
857423612901,85,371.8126,437.2747,865.4311,-70.9156,583.0444,-172.8827,997233127
857423612902,85,371.8311,436.5626,865.8244,-442.2029,364.7459,274.4486,997233127
857423612903,85,372.1004,436.8343,865.663,-245.9042,594.4988,367.4251,997233124
857423612904,85,371.9218,436.8031,865.7797,-415.279,360.1106,-209.3572,997233127
857423612905,85,371.9701,436.9062,865.4133,-133.6927,184.7025,194.977,997233127
857423612906,85,371.893,436.9338,865.4541,-76.3062,355.6273,-83.2048,997233127
857423612907,85,372.024,437.0049,865.3964,-28.8294,311.5437,-143.2882,997233127
857423612908,85,371.9552,437.1116,865.4088,-80.4968,354.7724,-55.3253,997233127
857423612910,85,372.1626,436.6606,865.7533,-307.0044,433.8067,177.4172,997233124
857423612911,85,371.9193,436.6141,865.7637,-28.8146,414.022,416.7276,997233127
857423612912,85,372.1333,436.7877,865.3163,-120.7181,134.5407,130.2004,997233124
857423612913,85,372.0247,437.0327,865.3212,-145.7904,254.0492,66.986,997233127
857423612914,85,372.0648,437.2581,865.3663,1.1886,471.2763,-130.9848,997233127
857423612915,85,372.0729,437.1371,865.3858,-9.6793,482.2089,-95.3587,997233124
857423612916,85,372.0182,437.1671,865.4023,-111.1581,410.0665,-269.5664,997233127
857423612917,85,371.7267,436.6495,865.7314,-179.0024,92.4843,360.6709,997233127
857423612918,85,371.8127,436.7161,865.7279,-156.8184,255.5753,401.8598,997233127
857423612919,85,371.8184,436.6898,865.8143,-261.6327,403.9297,247.948,997233127
857423612920,85,371.8235,436.7321,865.859,-326.6077,609.5798,171.6129,997233127
857423612922,85,372.0403,437.0576,865.4648,-110.5156,289.7332,-97.3863,997233127
857423612923,85,372.0597,437.0243,865.4618,-140.0221,374.8362,-108.4499,997233127
857423612924,85,371.8856,437.2115,865.4385,-27.086,472.7107,-38.6837,997233127
857423612925,85,371.7572,436.7616,865.6608,-9.3753,244.9817,152.9791,997233127
857423612926,85,371.9309,436.842,865.6332,-362.5831,201.0366,345.6199,997233127
857423612927,85,371.8175,436.5117,865.7306,-120.5037,327.6288,-177.18,997233120
857423612928,85,371.8302,436.7004,865.8233,-346.0914,239.7048,-23.7125,997233127
857423612930,85,371.9601,437.1591,865.4672,8.0996,472.8954,-63.7042,997233127
857423612931,85,371.8684,437.2253,865.4437,-46.6397,481.042,-62.0993,997233127
857423612932,85,371.6324,436.9534,865.4902,44.7256,26.83,-18.8701,997233127
857423612933,85,371.9114,436.7257,865.7413,-252.9326,700.6874,80.8472,997233127
857423612934,85,371.8325,436.71,865.7607,-168.9997,306.8953,52.9958,997233127
857423612935,85,371.6151,436.5892,865.7692,-153.3378,320.8848,215.7948,997233127
857423612936,85,371.8665,436.6866,865.6439,-118.7605,224.2132,63.3254,997233127
857423612938,85,372.0089,437.1906,865.5126,-81.083,443.4961,-269.7435,997233127
857423612939,85,372.1619,437.1035,865.5864,-30.7491,435.5351,-77.6982,997233124
857423612940,85,372.0254,436.4703,865.517,200.6814,268.9417,119.4965,997233120
857423612941,85,371.7428,436.7453,865.811,44.5623,248.4384,12.5614,997233127
857423612942,85,371.8777,436.8695,865.6856,-311.4798,-0.5992,302.7661,997233127
857423612943,85,371.6644,436.7321,865.7088,-154.7175,411.429,-187.4479,997233127
857423612944,85,371.8409,436.6981,865.7821,-366.2557,452.1291,323.1196,997233127
857423612946,85,371.9942,436.835,865.6672,-260.8078,840.7977,-401.556,997233127
857423612947,85,371.6248,436.8303,865.6678,-19.2533,499.914,280.81,997233127
857423612948,85,372.0214,436.7793,865.8553,215.9774,230.7941,139.0201,997233127
857423612949,85,371.949,436.5377,865.7603,-314.5205,552.2329,70.0735,997233127
857423612950,85,371.8535,436.6678,865.7209,-355.9919,604.5894,108.3144,997233127
857423612951,85,371.8681,436.7242,865.7471,-238.8059,626.7004,-239.43,997233127
857423612952,85,371.9206,436.7397,865.7319,-376.2019,533.6602,24.6205,997233127
857423612954,85,372.2436,436.6893,865.5153,45.9535,81.7801,-43.465,997233124
857423612955,85,371.7349,436.8572,865.7562,183.7264,284.4829,310.7232,997233127
857423612956,85,372.1111,436.6609,865.9104,-44.1675,215.5662,25.4668,997233124
857423612957,85,372.0038,436.7292,865.7813,-152.5877,7.4267,361.7223,997233127
857423612958,85,371.9734,436.7834,865.8528,-286.8867,149.6396,342.7457,997233127
857423612959,85,371.852,436.721,865.6945,-393.3719,367.5793,217.1738,997233127
857423612960,85,371.8756,436.7018,865.7147,-635.2685,574.7825,106.3888,997233127
857423612962,85,371.7313,436.7105,865.3922,-184.1856,844.6054,162.6975,997233127
857423612964,85,371.7986,436.9051,865.6107,-308.9581,399.8477,283.649,997233127
857423612965,85,371.9404,437.0034,865.7261,-52.2072,273.7103,237.1319,997233127
857423612966,85,371.8823,436.9465,865.4911,-11.8407,241.1525,286.2744,997233127
857423612967,85,371.9515,436.7642,865.9152,-208.8584,458.5481,105.2817,997233127
857423612968,85,372.2114,436.6729,865.838,-12.2785,541.8143,156.0237,997233124
857423612973,85,372.07,436.5585,865.892,187.2032,242.6172,-80.1088,997233127
857423612974,85,372.1111,436.5393,865.7178,198.03,289.0233,-176.9515,997233124
857423612975,85,371.8533,437.0278,865.6446,-81.6083,411.3097,113.7106,997233127
857423612976,85,371.7892,436.6359,865.7436,-343.4499,506.0269,463.4579,997233127
857423629281,85,371.9839,436.7409,865.8757,-130.2764,237.3896,-124.7205,997233127
857423629290,85,371.7224,436.6445,865.729,-190.1314,325.8233,361.6856,997233127
857423629297,85,371.8777,436.6236,865.857,-425.2841,604.0663,287.6847,997233127
857423629298,85,371.849,436.6845,865.7571,-617.5679,101.3237,201.207,997233127
857423629305,85,371.8011,436.7151,865.8475,-287.3692,481.6971,291.9692,997233127
857423629306,85,371.8143,436.6683,865.7599,-390.3771,349.5036,146.6479,997233127
857423629307,85,371.958,436.6675,865.8563,-72.9774,565.9813,280.4707,997233127
857423629308,85,372.4181,436.5571,865.6451,34.029,285.4277,221.6311,997233124
857423629313,85,372.1152,436.4657,865.838,-122.4949,179.0082,294.2034,997233123
857423629314,85,372.0989,436.5355,865.7996,-312.6566,421.7845,170.143,997233124
857423629315,85,371.8282,436.7113,865.7523,-401.8871,614.1009,-188.1397,997233127
857423629316,85,371.9918,436.777,865.6391,-460.1684,520.0282,19.8713,997233127
857423629317,85,371.91,436.769,865.6332,-226.1266,276.4773,70.7483,997233127
857423629321,85,371.8872,436.691,865.7458,-450.7505,653.0414,2.9523,997233127
857423629322,85,371.9059,436.6937,865.7781,-103.4218,323.0157,24.3939,997233127
857423629323,85,371.9026,436.6885,865.5406,-344.698,474.6988,192.619,997233127
857423629324,85,371.8674,436.7543,865.7327,-461.6431,379.8887,307.6826,997233127
857423629325,85,372.1335,436.53,865.566,173.2594,302.175,325.6013,997233124
857423629329,85,371.8452,436.7078,865.7713,-181.0827,301.3756,-36.9893,997233127
857423629330,85,371.8239,436.7222,865.7744,-218.9367,412.839,-5.0214,997233127
857423629331,85,371.9138,436.7267,865.7736,-126.9271,581.9763,-95.0915,997233127
857423629332,85,371.9193,436.6905,865.7031,-304.0819,511.674,36.0619,997233127
857423629333,85,371.9364,436.6348,865.8012,-157.7881,440.9027,-39.866,997233127
857423629334,85,372.0509,436.7741,865.6997,-472.1433,224.4555,323.9182,997233127
857423629337,85,371.9196,436.7294,865.7361,-165.8987,531.4562,437.1338,997233127
857423629338,85,371.9596,436.8284,865.6241,-400.9807,487.673,250.1221,997233127
857423629339,85,371.861,436.7172,865.7237,-606.1712,411.0862,411.3765,997233127
857423629340,85,371.8445,436.6758,865.7782,-495.7499,132.9899,447.5938,997233127
857423629341,85,371.7967,436.5649,865.9151,-276.6019,363.4192,128.8977,997233127
857423629345,85,371.846,436.6548,865.7456,-492.9397,531.3931,288.8341,997233127
857423629346,85,371.7685,436.6825,865.8507,-184.2074,314.1542,-17.8089,997233127
857423629347,85,371.7937,436.6326,865.8492,-175.8845,493.8501,2.2871,997233127
857423629348,85,371.8727,436.7632,865.6651,-260.3546,431.9272,23.6385,997233127
857423629349,85,371.8851,436.9111,865.7495,-387.9914,59.0445,-53.462,997233127
857423629353,85,371.7282,436.6775,865.8089,-172.0999,229.0574,372.0839,997233127
857423629354,85,371.9945,436.747,865.5693,-358.2649,496.8531,-171.8472,997233127
857423629355,85,371.7647,436.4365,866.0157,134.2297,122.835,85.0391,997233120
857423629361,85,372.0341,436.6153,865.6631,22.2821,869.4324,53.0239,997233127
857462410206,85,371.9511,436.8421,865.6351,-344.6922,19.9484,-118.2638,997233127
857462410207,85,371.9017,436.6196,865.8221,-348.6032,334.4893,314.352,997233127
857462410211,85,372.0439,437.1326,865.3356,17.1276,301.0021,-124.2258,997233127
857462410212,85,371.9437,437.1324,865.4236,-0.0085,347.0087,-211.7825,997233127
857462410213,85,372.1109,436.5011,865.5724,200.048,439.5464,-48.5512,997233123
857462410214,85,371.9549,436.6047,865.7053,-27.4917,366.7557,266.336,997233127
857462410215,85,371.8584,436.5645,865.826,-129.3044,310.5076,184.9369,997233127
857462410216,85,371.8732,436.7218,865.788,-239.6379,263.6406,223.7007,997233127
857462410220,85,371.9878,437.0736,865.5331,80.2121,298.0088,-93.9786,997233127
857462410222,85,372.0331,436.9738,865.7197,280.458,486.8358,-147.2458,997233127
857462410223,85,371.8109,436.6923,865.6595,-79.3992,426.3918,58.7874,997233127
857462410224,85,371.8706,436.6913,865.7147,132.9797,308.5655,438.9079,997233127
857462410225,85,372.0911,437.017,865.2979,-130.7672,263.0061,36.7248,997233124
857462410226,85,371.9606,437.1292,865.4125,118.7427,379.7889,-120.7234,997233127
857462410227,85,371.9359,437.0435,865.4566,71.5982,362.3835,89.7519,997233127
857462410228,85,372.1032,437.0825,865.4686,-181.4972,430.6043,-196.9492,997233124
857462410229,85,372.1402,436.6266,865.5611,164.8264,582.6169,193.3388,997233124
857462410231,85,371.8151,436.7414,865.6475,-274.3413,136.2299,-231.4322,997233127
857462410232,85,371.86,436.7845,865.6603,-412.596,211.3345,-223.7192,997233127
857462410235,85,372.0953,436.9906,865.4508,8.7199,407.3729,-85.9269,997233124
857462410236,85,372.0732,436.5228,865.5544,240.646,385.7921,12.7101,997233123
857462410237,85,371.8276,436.5743,865.4927,336.2098,336.571,39.4937,997233127
857462410238,85,371.9659,436.7974,865.7187,-190.9831,391.588,513.3786,997233127
857462410239,85,371.7777,436.8376,865.7611,-204.5283,268.4521,-253.4483,997233127
857462410240,85,371.8616,436.6776,865.7542,-47.5554,541.5299,197.8089,997233127
857462410242,85,371.9857,437.26,865.3098,-56.1596,512.9585,-129.7845,997233127
857462410243,85,371.8809,437.0999,865.2781,-108.6795,443.9562,-145.5309,997233127
857462410244,85,372.1262,436.5743,865.6025,290.9386,342.8277,125.1008,997233124
857462410246,85,371.8297,436.7579,865.8552,179.4719,143.5219,27.5995,997233127
857462410247,85,371.8164,436.7035,865.6636,-246.7287,276.0586,-31.4291,997233127
857462410248,85,371.9048,436.7072,865.6862,-14.2699,324.3054,-107.8194,997233127
857462410250,85,371.8797,437.1803,865.2935,-109.7269,686.6071,-341.8846,997233127
857462410251,85,372.0928,436.925,865.5223,-192.3701,336.97,-82.2432,997233124
857462410252,85,371.8568,436.5775,865.5219,175.9397,6.932,-43.4847,997233127
857462410253,85,371.9427,436.6249,865.4239,285.2055,194.1559,199.6601,997233127
857462410254,85,371.847,436.7125,865.7698,-471.2627,822.6729,170.0794,997233127
857462410255,85,371.8159,436.7159,865.7599,-291.0059,124.4941,56.6535,997233127
857462410256,85,371.8309,436.6996,865.7618,-495.16,559.8058,19.0939,997233127
857462410258,85,371.9866,436.7497,865.7347,-198.6087,932.3635,-387.2836,997233127
857462410259,85,371.8723,437.2124,865.3431,-298.543,660.4248,-124.6498,997233127
857462410260,85,371.5822,436.731,865.782,-22.2514,371.4102,337.5571,997233127
857462410261,85,371.877,436.5397,865.7628,-496.4794,69.8551,101.6868,997233127
857462410262,85,371.9705,436.8673,865.6727,-317.9176,319.2832,-104.7466,997233127
857462410263,85,371.8337,436.6623,865.7987,98.9515,252.1852,-90.018,997233127
857462410264,85,371.8141,436.7418,865.7742,-487.9516,637.4343,263.9886,997233127
857462410266,85,371.5009,436.7072,866.1024,115.4928,618.9985,-203.462,997233127
857462410267,85,371.5546,436.7225,865.5811,-195.9852,494.0002,247.3872,997233127
857462410268,85,371.6189,436.6277,865.7366,89.5452,626.2689,323.2617,997233127
857462410269,85,372.0837,437.0878,865.6014,-105.2565,179.7205,203.1975,997233124
857462410270,85,371.9034,436.8331,865.7164,-411.5448,437.6362,342.7079,997233127
857462410271,85,371.9904,436.4889,865.6012,-255.2735,377.2936,47.7005,997233120
857462410272,85,371.9202,436.7518,865.7067,-279.8349,555.6216,57.1258,997233127
857462410275,85,371.9044,436.4549,865.6492,61.0555,279.524,-257.0995,997233120
857462410276,85,371.9539,436.4456,865.6133,81.9741,300.7917,-211.6949,997233120
857462410277,85,371.7024,436.7247,865.8214,-67.7636,186.7531,321.5849,997233127
857462410278,85,371.8663,437.0168,865.5084,2.3855,258.3455,241.662,997233127
857462410279,85,371.932,436.7756,865.8639,-166.1169,371.4702,3.953,997233127
857462410280,85,371.8284,436.7703,865.7007,-38.2032,111.2236,123.1959,997233127
857462410287,85,371.7452,436.7503,865.5275,-99.8995,404.1916,373.3636,997233127
857462410288,85,372.2031,436.6417,865.7289,-17.7936,368.2801,-34.2112,997233124
857462426593,85,371.915,436.7774,865.9445,-222.1786,459.1187,-80.5778,997233127
857462426601,85,371.8178,436.7115,865.8074,-95.526,329.3408,270.101,997233127
857462426602,85,371.8337,436.7284,865.7452,-329.6204,493.9543,488.7843,997233127
857462426609,85,372.3992,436.593,865.6368,16.0973,365.4282,243.0323,997233124
857462426610,85,372.1154,436.5435,865.4974,184.1474,213.517,241.0102,997233124
857462426617,85,371.8217,436.7958,865.7342,-162.4084,278.8083,-289.626,997233127
857462426618,85,372.0604,436.7897,865.3702,-85.0875,185.7853,224.5325,997233127
857462426619,85,372.0546,436.8062,865.8914,-149.811,652.8636,268.1591,997233127
857462426620,85,371.5697,436.8772,865.7621,117.7505,110.708,-279.9514,997233127
857462426625,85,371.8646,436.6755,865.7687,-18.5809,220.8406,17.1515,997233127
857462426626,85,371.8434,436.7062,865.7206,-498.504,169.5625,320.2027,997233127
857462426627,85,371.9242,436.6839,865.7385,-122.4922,629.8458,419.4631,997233127
857462426628,85,371.7493,436.606,865.9474,-69.2984,86.0641,-55.9474,997233127
857462426633,85,371.8929,436.6995,865.7307,-110.931,296.3681,31.8147,997233127
857462426634,85,371.8837,436.7757,865.7696,-404.1023,512.9099,-50.2905,997233127
857462426635,85,372.0491,436.7664,865.7774,-158.7447,722.0024,81.2692,997233127
857462426636,85,372.1157,436.7662,865.9127,-155.9449,525.995,69.8995,997233124
857462426641,85,371.8343,436.6224,865.8805,-232.4654,400.9357,138.4315,997233127
857462426642,85,371.9864,436.7112,865.5678,-271.7735,504.687,297.8389,997233127
857462426643,85,371.8162,436.7329,865.8235,-297.0898,458.7375,293.6555,997233127
857462426644,85,372.2113,436.8052,865.6482,-194.4992,452.7675,102.4126,997233124
857462426649,85,371.7639,436.6692,865.7964,-248.5347,457.7078,-77.2758,997233127
857462426650,85,372.0313,436.7355,865.601,-293.7626,551.2121,92.7829,997233127
857462426651,85,372.1575,436.7947,865.6254,-317.852,336.2706,125.5994,997233124
857462426652,85,372.2186,436.759,865.782,-6.0173,494.6533,142.91,997233124
857462426657,85,372.1326,436.4828,865.8323,-36.3038,166.0709,338.5521,997233123
857462426658,85,371.9514,436.7146,865.7698,-418.2612,531.2381,-84.1334,997233127
857462426659,85,371.4785,436.6859,865.9502,11.589,121.684,152.5756,997233127
857462426660,85,372.1794,436.9596,865.5686,-280.2502,453.1862,268.3199,997233124
857462426665,85,371.7109,436.6444,865.8526,136.39,-15.1097,173.9843,997233127
857462426666,85,371.8096,436.6608,866.0009,-143.4858,324.7373,3.249,997233127
857463458783,85,371.9328,436.701,865.3563,-13.475,-58.1769,41.9962,997233127
857463458788,85,371.7985,437.3541,865.4175,-150.5514,458.156,-2.0852,997233127
857463458789,85,371.8356,436.7726,865.9407,128.6459,57.2485,221.8864,997233127
857463458790,85,371.8297,436.6606,865.7087,-557.2216,672.1028,70.4433,997233127
857463458791,85,372.1435,436.8782,865.6696,-14.4933,115.8006,2.6775,997233124
857463458792,85,372.1156,437.1196,865.5681,-10.132,174.59,35.3382,997233124
857463458795,85,371.785,437.1529,865.4186,-13.1717,422.7897,-175.1938,997233127
857463458796,85,371.9167,436.5065,865.621,-30.88,438.4572,4.721,997233120
857463458797,85,372.0445,437.0287,865.3239,-15.2829,166.4966,181.7714,997233127
857463458798,85,371.8446,436.7082,865.7286,-116.2495,330.8765,182.1024,997233127
857463458800,85,371.8894,436.7004,865.7429,-125.1335,327.3466,534.9026,997233127
857463458804,85,372.0938,436.4436,865.7032,117.3649,445.1408,72.1088,997233123
857463458805,85,371.7583,436.6589,865.6184,-99.1447,166.4694,139.7219,997233127
857463458807,85,371.7312,436.7827,865.6525,-21.255,273.0233,-142.9352,997233127
857463458808,85,371.9395,436.7238,865.7178,-282.6913,137.7896,-241.0101,997233127
857463458810,85,371.9784,437.0329,865.5876,202.6363,759.6026,-184.292,997233127
857463458811,85,371.989,437.0149,865.5998,-199.7565,301.3172,4.7692,997233127
857463458812,85,372.0641,436.643,865.5048,331.2477,441.5292,200.1466,997233127
857463458813,85,372.094,436.5359,865.3473,186.9629,406.2776,108.974,997233124
857463458814,85,371.8363,436.7008,865.7171,-167.4534,342.0109,131.6235,997233127
857463458815,85,371.9596,436.6843,865.8815,-139.7125,484.1396,361.1268,997233127
857463458816,85,371.8529,436.7681,865.8491,-76.3919,603.8577,30.4345,997233127
857463458818,85,371.7878,436.8101,865.3401,30.6656,92.8521,212.2981,997233127
857463458819,85,372.2213,437.07,865.6688,-62.8595,360.3956,90.7191,997233124
857463458820,85,371.9367,436.8,865.6212,-535.8461,351.0661,330.9976,997233127
857463458821,85,372.285,436.6921,865.5096,198.6999,448.538,227.8821,997233124
857463458822,85,371.9722,436.6647,865.5583,-355.4156,152.3173,133.6494,997233127
857463458823,85,371.8944,436.6707,865.6794,-521.0144,240.4845,216.2525,997233127
857463458824,85,371.979,436.6393,865.7248,-102.6066,494.1303,96.9054,997233127
857463458827,85,371.8633,437.1324,865.3085,-93.351,486.1455,-169.7061,997233127
857463458828,85,371.9986,436.5611,865.4796,301.7305,209.7856,133.073,997233127
857463458829,85,372.3005,436.5812,865.651,170.024,303.686,306.8848,997233124
857463458830,85,371.7895,436.8667,865.8549,38.9885,359.7228,80.4957,997233127
857463458831,85,371.8288,436.6766,865.6658,-288.6769,590.0235,232.7624,997233127
857463458832,85,371.8508,436.6967,865.8251,-315.5234,429.1745,208.4473,997233127
857463458836,85,371.5268,436.5598,865.7538,-209.2744,395.2048,341.7792,997233127
857463458837,85,371.804,436.6242,865.7134,-53.5248,710.9563,147.4515,997233127
857463458838,85,371.8656,436.6323,865.8279,-518.306,536.4505,101.6863,997233127
857463458839,85,371.9132,436.6353,865.7409,123.5339,521.8288,-20.2157,997233127
857463458840,85,371.8288,436.6751,865.7869,-67.255,658.1385,-44.904,997233127
857463458843,85,371.6258,436.7455,866.0095,172.0351,634.7817,-247.9438,997233127
857463458844,85,371.5729,436.7504,865.5212,-180.4457,465.8597,227.7898,997233127
857463458845,85,372.0441,437.0382,865.6924,-62.1931,125.8228,205.8745,997233127
857463458846,85,371.8231,436.6465,865.7534,36.6273,542.583,396.2765,997233127
857463458847,85,371.876,436.54,865.5123,182.2336,375.645,335.6927,997233127
857463458848,85,372.0372,436.5257,865.9529,-127.038,291.0058,395.7275,997233127
857463458852,85,371.8914,436.5959,865.8393,23.7284,-24.7983,-219.5052,997233127
857463458853,85,372.0755,436.6758,865.6006,-366.3124,593.3478,14.3042,997233124
857463458854,85,372.0411,436.7205,865.8666,48.8007,553.6718,166.6695,997233127
857463458855,85,372.0844,436.7973,865.7219,-239.7044,453.1392,-103.1958,997233124
857463458856,85,371.7735,436.6064,865.9445,3.8776,489.1056,207.0741,997233127
857463458862,85,372.1508,436.7585,865.5786,19.2754,431.9004,-269.0789,997233124
857463458863,85,372.0343,436.6957,865.6346,152.8682,856.7637,197.5507,997233127
857463458871,85,371.8072,436.808,865.528,-666.7543,173.3671,-21.5882,997233127
857463475169,85,371.8757,436.8941,865.5776,-112.5938,145.8281,15.7378,997233127
857463475177,85,371.9121,436.7097,865.879,-282.7249,592.2402,259.5234,997233127
857463475185,85,371.8893,436.6775,865.657,49.4968,219.8921,77.9412,997233127
857463475186,85,372.0506,437.1259,865.5118,-67.0106,202.0745,31.5297,997233127
857463475193,85,371.7931,436.5991,865.7841,-151.3541,467.0336,73.7347,997233127
857463475194,85,371.8057,436.7138,865.7506,99.8284,466.3639,-136.0259,997233127
857463475201,85,371.8049,436.7027,865.7231,-393.9802,299.7817,54.5705,997233127
857463475202,85,371.8814,436.6657,865.8038,-52.9836,290.3628,365.5634,997233127
857463475209,85,371.9005,436.8624,865.7665,-399.86,285.7957,32.5589,997233127
857463475210,85,372.0148,436.6651,865.6279,-76.9369,268.875,554.6923,997233127
857463475217,85,371.8337,436.6915,865.6936,-333.5506,217.7527,130.8048,997233127
857463475218,85,371.7401,436.8186,865.5223,-14.7076,458.6205,-114.0417,997233127
857463475225,85,371.7744,436.7656,865.7733,-55.619,194.9062,308.764,997233127
857463475227,85,371.7811,436.67,865.6878,-48.0901,-160.0348,71.2456,997233127
857463475233,85,371.8034,436.9228,865.5969,-210.781,169.4548,361.0863,997233127
857464507366,85,372.0512,436.675,865.8654,-352.6545,399.1462,75.3269,997233127
857464507367,85,371.7237,436.7497,865.6239,28.1101,451.8686,1.2931,997233127
857464507368,85,371.9016,437.0503,865.6815,-96.29,387.5229,-187.4605,997233127
857464507372,85,371.8508,437.0657,865.7059,-334.6396,707.8466,138.3615,997233127
857464507373,85,372.0162,436.998,865.7087,-41.4498,425.1665,-206.1005,997233127
857464507374,85,371.8699,436.7114,865.7612,-314.72,364.125,405.0833,997233127
857464507375,85,371.8698,436.6505,865.6747,-166.9478,255.5156,126.5793,997233127
857464507376,85,371.8867,436.6741,865.6624,41.8316,157.3575,-82.6311,997233127
857464507379,85,371.8994,436.8477,865.679,-359.6393,990.923,-139.6606,997233127
857464507380,85,371.9958,436.4028,865.6776,200.9948,263.4098,-1.5396,997233120
857464507381,85,371.8473,436.6919,865.7834,-144.9029,669.8157,-69.0853,997233127
857464507382,85,371.8185,436.7021,865.7519,-108.4571,318.6485,23.5758,997233127
857464507383,85,371.7093,436.7782,865.7422,-76.6802,240.2529,-192.0842,997233127
857464507384,85,371.9069,436.6632,865.689,-106.6074,300.5152,116.7085,997233127
857464507386,85,371.7413,436.9193,865.4916,2.6736,102.425,141.0472,997233127
857464507387,85,371.8549,436.9077,865.6252,-385.9203,849.3273,-217.3531,997233127
857464507388,85,372.0031,436.5043,865.6024,282.5911,399.7788,103.2545,997233120
857464507389,85,371.59,436.606,865.5759,13.4023,761.497,121.3627,997233127
857464507390,85,371.8753,436.7348,865.6147,77.2807,222.0162,-74.0031,997233127
857464507391,85,371.9256,436.6656,865.8398,-66.5101,344.1028,444.6474,997233127
857464507392,85,371.8825,436.6849,865.6674,-119.8325,-10.2831,-62.9697,997233127
857464507394,85,372.1154,437.1848,865.545,-116.9572,367.3148,-42.5727,997233124
857464507395,85,371.7553,437.1121,865.4866,-223.4928,622.8251,-216.0865,997233127
857464507396,85,372.001,436.4907,865.7542,120.7175,358.2958,179.0702,997233120
857464507397,85,371.9401,436.6015,865.727,-336.9734,164.7311,-306.7841,997233127
857464507398,85,371.8062,436.7867,865.638,-146.9398,321.6089,126.0177,997233127
857464507399,85,371.8783,436.737,865.6728,-425.7882,547.7041,-61.3468,997233127
857464507400,85,372.0165,436.6875,865.58,-119.5472,609.5426,71.7008,997233127
857464507404,85,371.7534,436.9885,865.538,-45.0397,214.9873,-35.3467,997233127
857464507406,85,371.8997,436.8256,865.8013,-89.9265,265.0818,-142.0482,997233127
857464507407,85,371.9125,436.5644,865.8177,-292.8064,413.5477,343.0676,997233127
857464507412,85,371.6967,436.6025,865.5875,-226.4373,614.5585,3.9298,997233127
857464507413,85,371.8554,436.5566,865.8055,-493.7915,306.8868,-49.8695,997233127
857464507414,85,371.7081,436.8216,865.7278,-148.3414,237.3281,-220.5432,997233127
857464507415,85,371.6971,437.1243,865.4739,-34.0012,287.9433,16.7855,997233127
857464507420,85,371.6761,436.5541,865.607,-352.8794,436.1315,187.7655,997233127
857464507421,85,371.8605,436.67,865.6342,-260.7818,718.8225,25.2976,997233127
857464507422,85,371.9489,436.6648,865.8649,-33.4425,354.5869,-141.0723,997233127
857464507429,85,372.2536,436.7253,865.617,265.2954,329.8212,-112.7538,997233124
857464507430,85,371.7712,436.815,865.5692,-70.1432,31.1927,70.6277,997233127
857464507431,85,372.1139,436.9416,865.669,-402.5297,425.4461,48.28,997233124
857464507437,85,372.2165,436.6996,865.3777,-557.0851,461.6349,-90.0081,997233124
857464523753,85,372.0117,437.0893,865.3679,94.7127,219.9074,199.7118,997233127
857464523761,85,371.8696,436.688,865.6746,37.2019,211.5535,162.0252,997233127
857464523769,85,371.9875,436.9834,865.7418,302.2665,574.4285,128.1707,997233127
857465555949,85,372.0473,436.5621,865.2878,-198.3137,293.4553,282.1681,997233127
857465555950,85,372.1897,436.953,865.495,32.535,128.9283,156.4969,997233124
857465555951,85,371.8525,436.6619,865.7443,-224.9043,353.8035,228.4758,997233127
857465555957,85,371.7604,436.804,865.7668,-28.3019,214.926,-143.3787,997233127
857465555958,85,371.8793,436.6625,865.6907,-58.2065,286.5875,184.6728,997233127
857465555959,85,371.7939,436.8038,865.6779,-57.2809,167.5036,-205.5254,997233127
857465555960,85,371.9192,436.609,865.8013,-203.261,503.1983,208.4471,997233127
857465555962,85,372.0044,436.8807,865.4852,148.3803,882.7652,227.3686,997233127
857465555965,85,372.1677,436.9203,865.6431,89.4677,172.2488,44.679,997233124
857465555966,85,371.8965,436.6808,865.7832,-481.0013,669.2372,274.0221,997233127
857465555967,85,371.8221,436.8655,865.7823,-128.1942,417.888,-71.6244,997233127
857465555968,85,372.0902,436.4948,865.7526,-219.1327,519.1188,180.8486,997233123
857465555971,85,371.7415,437.2393,865.4313,-109.2785,624.7009,-235.7434,997233127
857465555972,85,371.7141,437.2377,865.4457,-120.893,541.7195,-214.7573,997233127
857465555973,85,371.9219,436.7076,865.4929,-258.2384,194.4232,-3.2841,997233127
857465555974,85,371.8481,436.6592,865.7626,-149.6915,477.913,-144.0034,997233127
857465555975,85,371.9455,436.7699,865.7311,-608.7055,388.0444,50.7289,997233127
857465555980,85,371.6833,437.2016,865.4581,-228.5955,535.5494,-205.2658,997233127
857465555981,85,371.9774,436.695,865.6585,-331.7211,-30.4041,32.9822,997233127
857465555982,85,372.1455,436.6884,865.6265,-295.8915,86.1606,38.85,997233124
857465555987,85,372.2157,437.0818,865.632,328.1693,394.7649,131.7394,997233124
857465555988,85,371.9503,436.7354,865.4816,102.0997,851.0828,275.2406,997233127
857465555989,85,371.9158,436.5219,865.654,-358.8571,138.987,135.2714,997233120
857465555996,85,371.7294,437.0042,865.4524,271.2487,566.1319,93.1956,997233127
857465555997,85,371.8796,436.8802,865.6448,-169.5312,-15.1727,-108.2495,997233127
857466604533,85,371.8891,436.8043,865.972,23.5764,314.2524,313.7239,997233127
857466604534,85,371.9831,436.6971,865.8749,-307.0623,556.6878,297.1223,997233127
857466604535,85,371.7487,437.1862,865.4138,57.2926,60.9912,-98.777,997233127
857466604540,85,371.7791,437.1689,865.4965,-385.0456,534.5056,-101.8292,997233127
857466604541,85,372.0127,436.6804,865.6921,83.3341,34.4799,387.2244,997233127
857466604542,85,372.1333,436.9603,865.6962,200.5746,245.7684,13.6743,997233124
857466604543,85,372.2106,436.8693,865.7202,-87.2159,192.8675,122.025,997233124
857466604547,85,372.0703,436.94,865.5275,36.576,855.8284,274.4094,997233124
857466604549,85,371.9655,437.0138,865.6421,293.5599,344.6054,227.1567,997233127
857466604550,85,372.0079,436.6224,865.7399,1.1242,478.1502,179.5315,997233127
857466604555,85,371.8808,436.7746,865.2446,186.6405,759.5322,94.7396,997233127
857466604556,85,372.1263,437.0254,865.4925,2.9428,763.2854,285.9449,997233124
857466604557,85,371.9302,436.6178,865.6801,-10.3923,211.7835,-15.4119,997233127
857466604564,85,372.0637,436.99,865.3217,245.5708,699.0248,111.4658,997233127
857466604572,85,371.6286,436.4464,865.7825,-123.6665,750.6611,-352.7562,997233120
#OK
